#       RR    RL
-174.85 0.000 0.03203
-174.75 0.02304 0.03203
-174.65 0.04279 0.01281
-174.55 0.01317 0.00961
-174.45 0.01975 0.02882
-174.35 0.02304 0.02882
-174.25 0.02633 0.02242
-174.15 0.00987 0.01922
-174.05 0.01646 0.03523
-173.95 0.00987 0.02562
-173.85 0.00658 0.02562
-173.75 0.01646 0.01281
-173.65 0.01317 0.03203
-173.55 0.01317 0.01601
-173.45 0.00987 0.01601
-173.35 0.00987 0.02242
-173.25 0.01317 0.01281
-173.15 0.00329 0.01601
-173.05 0.01646 0.00961
-172.95 0.00658 0.01281
-172.85 0.00987 0.00961
-172.75 0.00987 0.01601
-172.65 0.00987 0.01601
-172.55 0.00658 0.00961
-172.45 0.00658 0.0032
-172.35 0.00658 0.01281
-172.25 0.00987 0.0032
-172.15 0.00658 0.00961
-172.05 0.00658 0.01922
-171.95 0.00658 0
-171.85 0 0.0032
-171.75 0.00658 0.00641
-171.65 0.00658 0.01601
-171.55 0.00658 0
-171.45 0.00329 0.00961
-171.35 0.00329 0.0032
-171.25 0.00658 0.00641
-171.15 0 0.0032
-171.05 0 0.0032
-170.95 0.00987 0.00641
-170.85 0.00987 0.0032
-170.75 0.00329 0.01281
-170.65 0.00658 0.00961
-170.55 0 0.00641
-170.45 0 0
-170.35 0.00329 0.00641
-170.25 0 0.0032
-170.15 0.00658 0
-170.05 0.00329 0.0032
-169.95 0.00329 0
-169.85 0.00658 0
-169.75 0 0
-169.65 0.00987 0.0032
-169.55 0 0.0032
-169.45 0.00658 0
-169.35 0.00987 0
-169.25 0.01646 0.0032
-169.15 0.00658 0
-169.05 0 0
-168.95 0 0
-168.85 0.00658 0
-168.75 0 0.0032
-168.65 0.00329 0
-168.55 0 0
-168.45 0 0
-168.35 0 0
-168.25 0.00329 0
-168.15 0 0.0032
-168.05 0.00329 0
-167.95 0.00329 0
-167.85 0 0.0032
-167.75 0 0
-167.65 0.00329 0
-167.55 0 0
-167.45 0 0
-167.35 0 0
-167.25 0.00329 0
-167.15 0.00329 0.0032
-167.05 0 0
-166.95 0.00329 0
-166.85 0 0
-166.75 0.00329 0.0032
-166.65 0 0
-166.55 0 0
-166.45 0.00329 0.0032
-166.35 0 0
-166.25 0 0.0032
-166.15 0 0.0032
-166.05 0 0
-165.95 0.00658 0
-165.85 0 0
-165.75 0.00658 0
-165.65 0.00329 0.0032
-165.55 0.00329 0
-165.45 0.00329 0
-165.35 0.00658 0.0032
-165.25 0.00329 0.0032
-165.15 0.00329 0
-165.05 0.00329 0.00961
-164.95 0.00329 0.0032
-164.85 0.00329 0.00641
-164.75 0.00658 0.0032
-164.65 0.00329 0.00641
-164.55 0.01975 0.00961
-164.45 0.01317 0.0032
-164.35 0.01317 0.01281
-164.25 0.00329 0.01601
-164.15 0.00329 0.00641
-164.05 0.00329 0.00961
-163.95 0 0.00641
-163.85 0.01975 0.00961
-163.75 0.01975 0.0032
-163.65 0.00658 0.01601
-163.55 0.01317 0.00961
-163.45 0.01317 0.01922
-163.35 0.01975 0.01601
-163.25 0.01317 0.00961
-163.15 0.0362 0.02562
-163.05 0.01975 0.01601
-162.95 0.02304 0.01281
-162.85 0.02304 0.02882
-162.75 0.01317 0.02882
-162.65 0.03291 0.03843
-162.55 0.04937 0.01922
-162.45 0.03291 0.02882
-162.35 0.02304 0.01922
-162.25 0.03291 0.02242
-162.15 0.01975 0.02882
-162.05 0.01646 0.01601
-161.95 0.02304 0.01922
-161.85 0.02962 0.02562
-161.75 0.01975 0.02242
-161.65 0.01646 0.03203
-161.55 0.01317 0.03843
-161.45 0.01975 0.00641
-161.35 0.02962 0.01601
-161.25 0.01317 0.01922
-161.15 0.00658 0.02562
-161.05 0.01646 0.01601
-160.95 0.01975 0.00961
-160.85 0.00658 0.01281
-160.75 0.01646 0.02242
-160.65 0.00987 0.01922
-160.55 0.00987 0.02242
-160.45 0.00658 0.01922
-160.35 0.00987 0.01281
-160.25 0.00987 0
-160.15 0.00987 0.00961
-160.05 0.00987 0.00961
-159.95 0.00658 0.01601
-159.85 0.00987 0.00961
-159.75 0.00658 0.01601
-159.65 0.01317 0.0032
-159.55 0.00329 0.0032
-159.45 0.00987 0.00961
-159.35 0.00329 0
-159.25 0 0.00961
-159.15 0.00658 0
-159.05 0.00987 0
-158.95 0 0.0032
-158.85 0.00658 0.00641
-158.75 0.00329 0
-158.65 0.00658 0.0032
-158.55 0.00329 0
-158.45 0.00329 0.00641
-158.35 0.00329 0.00961
-158.25 0 0.0032
-158.15 0.00987 0.0032
-158.05 0.00329 0
-157.95 0 0.0032
-157.85 0.00329 0
-157.75 0.01646 0.0032
-157.65 0.00329 0.00641
-157.55 0 0
-157.45 0 0.0032
-157.35 0 0
-157.25 0.00658 0
-157.15 0.00329 0
-157.05 0 0
-156.95 0 0
-156.85 0 0
-156.75 0 0.00641
-156.65 0 0
-156.55 0 0
-156.45 0 0
-156.35 0.00329 0
-156.25 0 0
-156.15 0 0.00641
-156.05 0.00329 0
-155.95 0 0.0032
-155.85 0 0
-155.75 0.00658 0
-155.65 0 0
-155.55 0 0.0032
-155.45 0 0.0032
-155.35 0 0.0032
-155.25 0 0
-155.15 0.00987 0
-155.05 0 0.0032
-154.95 0.00329 0
-154.85 0 0
-154.75 0 0
-154.65 0 0
-154.55 0 0
-154.45 0 0
-154.35 0 0.0032
-154.25 0 0
-154.15 0.00329 0.0032
-154.05 0 0
-153.95 0.00329 0
-153.85 0 0
-153.75 0 0.00641
-153.65 0 0
-153.55 0.00329 0
-153.45 0.00329 0.0032
-153.35 0.00329 0.0032
-153.25 0.01317 0.0032
-153.15 0 0
-153.05 0.00329 0
-152.95 0.00987 0.0032
-152.85 0 0.0032
-152.75 0 0.00641
-152.65 0.00329 0.0032
-152.55 0 0
-152.45 0 0.0032
-152.35 0.00329 0
-152.25 0 0.00961
-152.15 0.00329 0.00961
-152.05 0.00987 0.0032
-151.95 0.00987 0.0032
-151.85 0.00329 0.0032
-151.75 0.00987 0.00641
-151.65 0.00329 0.0032
-151.55 0.01317 0
-151.45 0.00987 0.0032
-151.35 0.00987 0.00961
-151.25 0.00329 0.00961
-151.15 0.01317 0.00961
-151.05 0.00987 0.00961
-150.95 0.01975 0.01281
-150.85 0.01975 0.01281
-150.75 0.01975 0.00961
-150.65 0.02304 0.01281
-150.55 0.01317 0.00961
-150.45 0.02304 0.02562
-150.35 0.03291 0.02562
-150.25 0.02304 0.02882
-150.15 0.02304 0.02562
-150.05 0.01646 0.01281
-149.95 0.02633 0.04164
-149.85 0.02304 0.03203
-149.75 0.02304 0.01922
-149.65 0.02633 0.04164
-149.55 0.00658 0.03523
-149.45 0.02633 0.02882
-149.35 0.02962 0.01922
-149.25 0.00987 0.01922
-149.15 0.01317 0.03843
-149.05 0.00987 0.02242
-148.95 0.02633 0.01922
-148.85 0.01646 0.01922
-148.75 0.00987 0.02882
-148.65 0.00987 0.02242
-148.55 0.01646 0.01922
-148.45 0.02304 0.02242
-148.35 0 0.01601
-148.25 0.00987 0.02242
-148.15 0.02633 0.01281
-148.05 0.00658 0.00641
-147.95 0.00329 0.01601
-147.85 0.00658 0.01281
-147.75 0.00987 0.02882
-147.65 0.01317 0.00641
-147.55 0.00329 0.00641
-147.45 0.01646 0.0032
-147.35 0.01317 0.00961
-147.25 0.01317 0.01281
-147.15 0.00329 0.01601
-147.05 0.00658 0.00641
-146.95 0.00658 0.01281
-146.85 0.00329 0.0032
-146.75 0.00329 0.0032
-146.65 0.00329 0.0032
-146.55 0 0
-146.45 0.00329 0.0032
-146.35 0.00329 0.01281
-146.25 0.00329 0.00961
-146.15 0 0.00961
-146.05 0.00329 0
-145.95 0 0
-145.85 0.01317 0.00961
-145.75 0 0.0032
-145.65 0.00329 0.00961
-145.55 0.00987 0.01281
-145.45 0.00329 0.0032
-145.35 0.00329 0.0032
-145.25 0.01317 0.00641
-145.15 0.00987 0.0032
-145.05 0.00329 0
-144.95 0 0.00641
-144.85 0.00658 0.0032
-144.75 0 0.00641
-144.65 0.00329 0.0032
-144.55 0.00329 0.0032
-144.45 0.00329 0.0032
-144.35 0 0
-144.25 0 0.0032
-144.15 0 0
-144.05 0 0
-143.95 0 0
-143.85 0 0.0032
-143.75 0 0
-143.65 0 0
-143.55 0.00329 0.0032
-143.45 0.00329 0.0032
-143.35 0 0
-143.25 0 0
-143.15 0.00329 0
-143.05 0 0.00641
-142.95 0.00329 0
-142.85 0 0
-142.75 0.00329 0
-142.65 0 0.0032
-142.55 0.00329 0
-142.45 0 0
-142.35 0 0
-142.25 0 0
-142.15 0 0
-142.05 0.00658 0
-141.95 0 0.00641
-141.85 0.00329 0.0032
-141.75 0 0
-141.65 0.00658 0
-141.55 0 0
-141.45 0.00329 0
-141.35 0 0
-141.25 0.00329 0.0032
-141.15 0.00658 0.0032
-141.05 0 0.0032
-140.95 0.00329 0.00641
-140.85 0 0
-140.75 0.00329 0
-140.65 0 0
-140.55 0.01317 0.00961
-140.45 0.00329 0
-140.35 0 0.0032
-140.25 0.00329 0
-140.15 0.00329 0
-140.05 0 0
-139.95 0 0
-139.85 0 0
-139.75 0.00658 0.0032
-139.65 0.00658 0
-139.55 0 0
-139.45 0.00658 0.00641
-139.35 0.01317 0.00961
-139.25 0.01646 0.00641
-139.15 0 0.00961
-139.05 0.01317 0.01601
-138.95 0.00658 0.01281
-138.85 0.00329 0.01281
-138.75 0.00658 0.00641
-138.65 0.01975 0.01281
-138.55 0.01317 0.01281
-138.45 0.01317 0.00641
-138.35 0.01317 0.01601
-138.25 0.01975 0.01922
-138.15 0.02633 0.02562
-138.05 0.02304 0.02242
-137.95 0.01975 0.02242
-137.85 0.02962 0.02882
-137.75 0.01975 0.01922
-137.65 0.02304 0.02882
-137.55 0.02304 0.01922
-137.45 0.04608 0.02882
-137.35 0.02304 0.02562
-137.25 0.01975 0.02242
-137.15 0.0362 0.02242
-137.05 0.02962 0.04804
-136.95 0.02633 0.02242
-136.85 0.01646 0.02242
-136.75 0.02633 0.01601
-136.65 0.02304 0.01601
-136.55 0.01317 0.01281
-136.45 0.01317 0.01922
-136.35 0.02633 0.01922
-136.25 0.00329 0.03203
-136.15 0.01317 0.03203
-136.05 0.02633 0.01601
-135.95 0.02304 0.01601
-135.85 0.00987 0.0032
-135.75 0.01646 0.01601
-135.65 0.01646 0.02562
-135.55 0.00329 0.01281
-135.45 0.01975 0.00961
-135.35 0.01317 0.01601
-135.25 0 0.00961
-135.15 0.00987 0.01922
-135.05 0.00658 0.00641
-134.95 0.01646 0.0032
-134.85 0.00987 0.00961
-134.75 0.01317 0.00961
-134.65 0.00658 0.00641
-134.55 0.00987 0.00961
-134.45 0.01646 0
-134.35 0.01317 0
-134.25 0.00329 0.00641
-134.15 0.00329 0.0032
-134.05 0 0.00641
-133.95 0.01317 0.00641
-133.85 0 0.00641
-133.75 0.00658 0.0032
-133.65 0.00658 0.00641
-133.55 0.00987 0.00961
-133.45 0.00329 0.0032
-133.35 0.00329 0
-133.25 0.00658 0.0032
-133.15 0 0
-133.05 0.00329 0.0032
-132.95 0 0.0032
-132.85 0.00658 0.0032
-132.75 0 0.0032
-132.65 0.00987 0.0032
-132.55 0.00329 0.00641
-132.45 0.00329 0
-132.35 0 0
-132.25 0 0.0032
-132.15 0 0.0032
-132.05 0.00329 0
-131.95 0 0
-131.85 0 0.0032
-131.75 0 0
-131.65 0 0.00641
-131.55 0 0
-131.45 0.00329 0.0032
-131.35 0 0.0032
-131.25 0 0.0032
-131.15 0 0
-131.05 0 0
-130.95 0.00658 0
-130.85 0 0.0032
-130.75 0.00329 0
-130.65 0 0
-130.55 0.00329 0
-130.45 0 0
-130.35 0 0
-130.25 0 0
-130.15 0 0
-130.05 0 0.0032
-129.95 0 0
-129.85 0 0
-129.75 0 0.0032
-129.65 0 0
-129.55 0 0
-129.45 0.00329 0
-129.35 0 0.0032
-129.25 0 0
-129.15 0 0
-129.05 0 0.0032
-128.95 0 0
-128.85 0 0.0032
-128.75 0.00329 0
-128.65 0.00329 0.00641
-128.55 0 0.0032
-128.45 0.00329 0.00961
-128.35 0 0.0032
-128.25 0.00329 0
-128.15 0 0.0032
-128.05 0.00329 0.00641
-127.95 0 0.0032
-127.85 0.00329 0.00641
-127.75 0.00329 0.0032
-127.65 0.00329 0.0032
-127.55 0.00329 0.0032
-127.45 0.00987 0
-127.35 0.00658 0
-127.25 0.00987 0
-127.15 0.00329 0.0032
-127.05 0.00329 0.00961
-126.95 0.00658 0
-126.85 0 0.01281
-126.75 0 0.00641
-126.65 0.00987 0.00641
-126.55 0 0.01601
-126.45 0.01975 0.01281
-126.35 0.01317 0.01601
-126.25 0.00987 0.01281
-126.15 0.01975 0.02562
-126.05 0.02304 0.00641
-125.95 0.00658 0.02562
-125.85 0.01646 0.01281
-125.75 0.01975 0.02562
-125.65 0.02304 0.00961
-125.55 0.01975 0.01922
-125.45 0.02962 0.01601
-125.35 0.01646 0.01922
-125.25 0.03291 0.01922
-125.15 0.01975 0.02562
-125.05 0.01975 0.01601
-124.95 0.01317 0.02882
-124.85 0.01975 0.00961
-124.75 0.0362 0.02882
-124.65 0.02962 0.01601
-124.55 0.01975 0.02562
-124.45 0.05595 0.01601
-124.35 0.02633 0.01922
-124.25 0.03291 0.02562
-124.15 0.02633 0.02562
-124.05 0.01975 0.01922
-123.95 0.00987 0.03523
-123.85 0.0362 0.01922
-123.75 0.02633 0.01922
-123.65 0.00987 0.02562
-123.55 0.01646 0.00961
-123.45 0.00658 0.01281
-123.35 0.02304 0.01601
-123.25 0.00987 0.02242
-123.15 0.02304 0.00961
-123.05 0.01317 0.02242
-122.95 0.01646 0.01281
-122.85 0.00658 0.01281
-122.75 0.01646 0.00961
-122.65 0.00987 0.01281
-122.55 0.00987 0.01922
-122.45 0.00658 0.00961
-122.35 0.01317 0.00961
-122.25 0.00658 0.00961
-122.15 0 0.00641
-122.05 0.00329 0.01922
-121.95 0.00987 0.00961
-121.85 0.00658 0.01281
-121.75 0 0.00961
-121.65 0.00658 0
-121.55 0.00658 0.0032
-121.45 0.00987 0
-121.35 0.01975 0.00641
-121.25 0.00329 0
-121.15 0 0.00641
-121.05 0.00658 0.0032
-120.95 0.00987 0.0032
-120.85 0.00329 0.00641
-120.75 0 0.00961
-120.65 0.00987 0.00641
-120.55 0.00329 0.01281
-120.45 0.00987 0.00641
-120.35 0.00329 0.01601
-120.25 0 0
-120.15 0 0
-120.05 0.00329 0
-119.95 0.00658 0
-119.85 0.00329 0.00641
-119.75 0 0
-119.65 0.00329 0.0032
-119.55 0 0
-119.45 0.00329 0.00961
-119.35 0.00658 0.00641
-119.25 0.00329 0
-119.15 0.00658 0
-119.05 0.00329 0
-118.95 0 0
-118.85 0.00658 0
-118.75 0.00329 0.0032
-118.65 0 0
-118.55 0.00329 0
-118.45 0 0
-118.35 0 0
-118.25 0 0
-118.15 0.00329 0
-118.05 0 0
-117.95 0 0.0032
-117.85 0.00329 0
-117.75 0 0.0032
-117.65 0 0.0032
-117.55 0 0.0032
-117.45 0 0.0032
-117.35 0 0
-117.25 0.00329 0.0032
-117.15 0.00658 0.0032
-117.05 0 0
-116.95 0 0
-116.85 0 0.00641
-116.75 0.00329 0
-116.65 0.00329 0
-116.55 0 0
-116.45 0 0.0032
-116.35 0.00329 0.0032
-116.25 0.00329 0
-116.15 0.00329 0
-116.05 0.00329 0
-115.95 0 0
-115.85 0.00658 0
-115.75 0.00658 0.0032
-115.65 0 0.0032
-115.55 0 0.00641
-115.45 0.00329 0.0032
-115.35 0 0.0032
-115.25 0 0
-115.15 0.00658 0.0032
-115.05 0.00658 0
-114.95 0 0.00641
-114.85 0.00987 0.0032
-114.75 0.00329 0.0032
-114.65 0.00329 0.00641
-114.55 0.00658 0.00961
-114.45 0 0.00641
-114.35 0.00658 0.00961
-114.25 0 0.0032
-114.15 0.01317 0.00641
-114.05 0.00658 0.02242
-113.95 0.00987 0.01281
-113.85 0.00658 0.00961
-113.75 0.01317 0.00641
-113.65 0.02962 0.02242
-113.55 0.00329 0.00641
-113.45 0.01317 0.00961
-113.35 0.01317 0.00641
-113.25 0.01646 0.01601
-113.15 0.01646 0.01601
-113.05 0.01646 0.03203
-112.95 0.01646 0.01281
-112.85 0.02304 0.0032
-112.75 0.02633 0.02882
-112.65 0.02304 0.01922
-112.55 0.01317 0.02882
-112.45 0.04608 0.02562
-112.35 0.02962 0.02562
-112.25 0.01975 0.03523
-112.15 0.01317 0.01601
-112.05 0.01975 0.02242
-111.95 0.01646 0.02882
-111.85 0.01317 0.03203
-111.75 0.01975 0.02882
-111.65 0.02633 0.01922
-111.55 0.0362 0.03523
-111.45 0.00987 0.03523
-111.35 0.03291 0.02882
-111.25 0.02962 0.01601
-111.15 0.02962 0.01281
-111.05 0.00987 0.01601
-110.95 0.01317 0.0032
-110.85 0.00329 0.02562
-110.75 0.01975 0.01281
-110.65 0.01975 0.0032
-110.55 0.02304 0.01601
-110.45 0.00658 0.00961
-110.35 0.00329 0.00641
-110.25 0.00987 0.01922
-110.15 0.01646 0.01601
-110.05 0.00658 0.01922
-109.95 0.00329 0.01601
-109.85 0.00987 0.00641
-109.75 0.00987 0.00641
-109.65 0 0.00641
-109.55 0.00658 0.0032
-109.45 0.00329 0.00641
-109.35 0 0.00961
-109.25 0.00329 0.02242
-109.15 0.01317 0.00641
-109.05 0.00329 0
-108.95 0.00329 0.00641
-108.85 0.01646 0.0032
-108.75 0.00329 0.0032
-108.65 0 0.00641
-108.55 0.00329 0
-108.45 0.00329 0.0032
-108.35 0.00329 0.00961
-108.25 0.00329 0.00961
-108.15 0.00658 0.0032
-108.05 0 0
-107.95 0.00329 0.0032
-107.85 0 0.0032
-107.75 0.00658 0.00641
-107.65 0.00329 0.00641
-107.55 0 0
-107.45 0 0.0032
-107.35 0 0
-107.25 0.00329 0.0032
-107.15 0 0.0032
-107.05 0 0.00641
-106.95 0 0.00641
-106.85 0 0
-106.75 0 0
-106.65 0 0
-106.55 0 0
-106.45 0 0
-106.35 0.00329 0.00641
-106.25 0.00329 0
-106.15 0 0
-106.05 0.00329 0
-105.95 0 0
-105.85 0.00658 0
-105.75 0 0
-105.65 0.00329 0
-105.55 0.00329 0.0032
-105.45 0 0
-105.35 0 0
-105.25 0 0
-105.15 0 0.0032
-105.05 0.00329 0
-104.95 0.00329 0.0032
-104.85 0 0
-104.75 0 0
-104.65 0 0.0032
-104.55 0 0
-104.45 0 0
-104.35 0.00329 0
-104.25 0.00658 0.0032
-104.15 0 0.0032
-104.05 0 0
-103.95 0 0.0032
-103.85 0.00329 0
-103.75 0 0
-103.65 0 0.0032
-103.55 0.00658 0
-103.45 0 0.0032
-103.35 0.00329 0
-103.25 0 0
-103.15 0.00329 0.0032
-103.05 0 0
-102.95 0.00329 0.0032
-102.85 0 0.0032
-102.75 0 0
-102.65 0 0
-102.55 0.00658 0
-102.45 0 0.00641
-102.35 0 0.0032
-102.25 0 0.0032
-102.15 0.00658 0.0032
-102.05 0.00658 0.0032
-101.95 0.00329 0.00961
-101.85 0.00987 0.0032
-101.75 0.01646 0.00641
-101.65 0.01317 0.0032
-101.55 0 0.00961
-101.45 0.00987 0
-101.35 0.00658 0.01281
-101.25 0.01317 0.01281
-101.15 0.01646 0.01281
-101.05 0.02304 0.01601
-100.95 0.01646 0.0032
-100.85 0.01317 0.01922
-100.75 0.01317 0.01922
-100.65 0.01317 0.01281
-100.55 0.02304 0.01281
-100.45 0.02304 0.02242
-100.35 0.01975 0.00641
-100.25 0.02633 0.03843
-100.15 0.0362 0.0032
-100.05 0.02304 0.01601
-99.95 0.0395 0.02882
-99.85 0.02304 0.02882
-99.75 0.02304 0.02882
-99.65 0.01646 0.02882
-99.55 0.02962 0.02242
-99.45 0.02633 0.04484
-99.35 0.03291 0.02882
-99.25 0.02962 0.02562
-99.15 0.01646 0.01601
-99.05 0.02304 0.01922
-98.95 0.01317 0.00961
-98.85 0.00658 0.01601
-98.75 0.00658 0.01922
-98.65 0.01975 0.00961
-98.55 0.02304 0.00641
-98.45 0.01317 0.00641
-98.35 0.03291 0.02882
-98.25 0.00987 0.02242
-98.15 0.00658 0.0032
-98.05 0.00987 0.00961
-97.95 0.00658 0.01922
-97.85 0.01646 0.01601
-97.75 0.00987 0.01922
-97.65 0.01317 0.01601
-97.55 0.00987 0.00961
-97.45 0.00329 0.00961
-97.35 0.00658 0.00641
-97.25 0.00329 0.0032
-97.15 0.00987 0.01601
-97.05 0.00987 0
-96.95 0 0.00641
-96.85 0.01317 0.0032
-96.75 0.00658 0.00961
-96.65 0.00329 0.00641
-96.55 0.00658 0.00641
-96.45 0.00658 0.01601
-96.35 0 0
-96.25 0.00329 0.00961
-96.15 0.00658 0.00641
-96.05 0.01975 0.0032
-95.95 0 0.0032
-95.85 0 0.00641
-95.75 0.00329 0
-95.65 0 0
-95.55 0 0.00961
-95.45 0.00329 0
-95.35 0 0.00961
-95.25 0 0
-95.15 0.00658 0
-95.05 0 0.0032
-94.95 0.00658 0.00641
-94.85 0.00658 0.00641
-94.75 0.00329 0
-94.65 0.00329 0.0032
-94.55 0.00329 0.0032
-94.45 0.00329 0
-94.35 0.00329 0.0032
-94.25 0.00329 0.00641
-94.15 0.00658 0.0032
-94.05 0.00658 0.0032
-93.95 0 0.0032
-93.85 0 0
-93.75 0.00329 0.0032
-93.65 0 0
-93.55 0 0
-93.45 0 0.0032
-93.35 0 0
-93.25 0 0
-93.15 0 0
-93.05 0.00329 0.0032
-92.95 0.00329 0.0032
-92.85 0 0
-92.75 0 0.0032
-92.65 0 0
-92.55 0 0
-92.45 0 0
-92.35 0 0
-92.25 0 0.0032
-92.15 0.00329 0
-92.05 0 0
-91.95 0 0.00961
-91.85 0 0
-91.75 0 0.0032
-91.65 0 0
-91.55 0.00658 0
-91.45 0.00987 0.0032
-91.35 0.00329 0
-91.25 0 0
-91.15 0 0
-91.05 0.00329 0
-90.95 0.00658 0
-90.85 0.00329 0
-90.75 0 0.0032
-90.65 0 0
-90.55 0.00329 0
-90.45 0 0
-90.35 0 0.00641
-90.25 0 0
-90.15 0 0.0032
-90.05 0 0.0032
-89.95 0.00329 0.0032
-89.85 0.00658 0.00641
-89.75 0.00658 0.0032
-89.65 0 0.0032
-89.55 0.01975 0.0032
-89.45 0 0
-89.35 0.00658 0
-89.25 0.00329 0.0032
-89.15 0.00987 0.00961
-89.05 0.00987 0
-88.95 0.00658 0.00961
-88.85 0.00658 0.00641
-88.75 0.01975 0.01922
-88.65 0.00987 0.00641
-88.55 0.02304 0
-88.45 0.02304 0.01281
-88.35 0.00987 0.00641
-88.25 0.00658 0.01601
-88.15 0.02633 0.01922
-88.05 0.01975 0.01601
-87.95 0.02633 0.0032
-87.85 0.00987 0.02882
-87.75 0.02962 0.02882
-87.65 0.02962 0.03843
-87.55 0.0362 0.02562
-87.45 0.0395 0.02882
-87.35 0.02304 0.01281
-87.25 0.01975 0.02242
-87.15 0.00658 0.02562
-87.05 0.01975 0.00641
-86.95 0.0395 0.02882
-86.85 0.0362 0.02242
-86.75 0.00987 0.01601
-86.65 0.01646 0.01281
-86.55 0.00658 0.01601
-86.45 0.02633 0.02562
-86.35 0.02304 0.03203
-86.25 0.02304 0.01922
-86.15 0.00987 0.01922
-86.05 0.02304 0.02882
-85.95 0.01646 0.02882
-85.85 0.00987 0.02242
-85.75 0.01975 0.01922
-85.65 0.00987 0.00641
-85.55 0.00987 0.00961
-85.45 0.01317 0.00961
-85.35 0.01975 0.00641
-85.25 0.00987 0.02242
-85.15 0.00658 0.0032
-85.05 0.00329 0.01601
-84.95 0.00987 0.02242
-84.85 0.00329 0.0032
-84.75 0.01317 0.01601
-84.65 0 0.0032
-84.55 0.00658 0.00641
-84.45 0.01975 0.0032
-84.35 0.00658 0.0032
-84.25 0.00987 0.0032
-84.15 0.00329 0.0032
-84.05 0.00329 0.00961
-83.95 0.00329 0
-83.85 0 0
-83.75 0.01317 0.00641
-83.65 0.00329 0.0032
-83.55 0.00658 0.00961
-83.45 0.00658 0.0032
-83.35 0.00658 0.0032
-83.25 0.00658 0.0032
-83.15 0 0
-83.05 0 0
-82.95 0 0.00641
-82.85 0.00987 0.0032
-82.75 0 0
-82.65 0 0.00641
-82.55 0 0
-82.45 0 0
-82.35 0.00329 0.0032
-82.25 0.00658 0
-82.15 0 0.0032
-82.05 0 0
-81.95 0.00329 0
-81.85 0 0
-81.75 0.00329 0
-81.65 0 0.0032
-81.55 0 0.0032
-81.45 0 0.0032
-81.35 0.00329 0
-81.25 0.00329 0.0032
-81.15 0.00329 0.00641
-81.05 0 0
-80.95 0.00329 0.0032
-80.85 0 0
-80.75 0 0
-80.65 0 0
-80.55 0.00329 0
-80.45 0 0
-80.35 0 0
-80.25 0.00329 0
-80.15 0 0
-80.05 0 0
-79.95 0 0.0032
-79.85 0.00329 0.00641
-79.75 0 0
-79.65 0 0
-79.55 0.00329 0
-79.45 0.00329 0
-79.35 0.00329 0
-79.25 0 0
-79.15 0.00987 0.0032
-79.05 0 0
-78.95 0 0.0032
-78.85 0.00329 0
-78.75 0.00329 0
-78.65 0 0
-78.55 0.00329 0
-78.45 0.00329 0
-78.35 0 0.00641
-78.25 0 0
-78.15 0 0.00641
-78.05 0.00329 0
-77.95 0 0
-77.85 0.00329 0
-77.75 0 0
-77.65 0.00658 0.00641
-77.55 0.00987 0
-77.45 0 0.00641
-77.35 0.00658 0
-77.25 0.00329 0.00641
-77.15 0 0
-77.05 0.00987 0
-76.95 0 0
-76.85 0.00987 0.00961
-76.75 0.00987 0.00961
-76.65 0.01646 0.01601
-76.55 0.00329 0.00641
-76.45 0.00329 0.01601
-76.35 0 0.00641
-76.25 0.01975 0.00961
-76.15 0.00329 0.01922
-76.05 0.01975 0.00961
-75.95 0.01317 0.01601
-75.85 0.02633 0.00961
-75.75 0.00329 0.01601
-75.65 0.01646 0.01281
-75.55 0.01646 0.01922
-75.45 0.01646 0.02562
-75.35 0.02633 0.01601
-75.25 0.0362 0.00961
-75.15 0.0395 0.02562
-75.05 0.02633 0.02562
-74.95 0.01646 0.02242
-74.85 0.0362 0.02882
-74.75 0.02633 0.00961
-74.65 0.01646 0.02882
-74.55 0.02962 0.02562
-74.45 0.02304 0.02242
-74.35 0.02633 0.01922
-74.25 0.01646 0.01922
-74.15 0.01975 0.01601
-74.05 0.02304 0.02242
-73.95 0 0.01922
-73.85 0.00987 0.02882
-73.75 0.01975 0.01601
-73.65 0.00987 0.02242
-73.55 0.01975 0.02562
-73.45 0.02304 0.01922
-73.35 0.01317 0.0032
-73.25 0.01317 0.02562
-73.15 0.01317 0.02882
-73.05 0.01646 0.00641
-72.95 0.01317 0.01601
-72.85 0.01317 0.01601
-72.75 0.00658 0.01281
-72.65 0.00987 0.00961
-72.55 0.00658 0.01601
-72.45 0.00987 0.01922
-72.35 0.01317 0.01601
-72.25 0.00329 0.00641
-72.15 0.01317 0.00641
-72.05 0.01975 0.00641
-71.95 0.00987 0
-71.85 0.00987 0.0032
-71.75 0.00329 0.0032
-71.65 0 0.00961
-71.55 0.00987 0.00641
-71.45 0.00658 0
-71.35 0.00658 0.0032
-71.25 0.00329 0.0032
-71.15 0.00329 0
-71.05 0.00329 0
-70.95 0.00329 0.0032
-70.85 0 0.0032
-70.75 0.00329 0.0032
-70.65 0.00987 0.00641
-70.55 0.00329 0.0032
-70.45 0 0.0032
-70.35 0.00658 0.00641
-70.25 0.00658 0.0032
-70.15 0.00329 0.0032
-70.05 0.00329 0.00641
-69.95 0.00329 0.00641
-69.85 0.00658 0.00641
-69.75 0.00329 0
-69.65 0 0.00641
-69.55 0.00329 0.0032
-69.45 0.00987 0
-69.35 0 0.0032
-69.25 0.00329 0.0032
-69.15 0.00658 0
-69.05 0 0.0032
-68.95 0 0
-68.85 0.00658 0
-68.75 0 0
-68.65 0 0.00641
-68.55 0.00329 0
-68.45 0.00658 0.00961
-68.35 0 0
-68.25 0.00329 0
-68.15 0 0
-68.05 0.00329 0
-67.95 0.00329 0
-67.85 0 0
-67.75 0 0.0032
-67.65 0 0
-67.55 0 0
-67.45 0 0
-67.35 0 0.00641
-67.25 0 0
-67.15 0 0
-67.05 0 0
-66.95 0.00329 0
-66.85 0.00329 0
-66.75 0 0.0032
-66.65 0 0
-66.55 0 0.0032
-66.45 0 0
-66.35 0.00329 0.0032
-66.25 0 0.0032
-66.15 0 0
-66.05 0.00658 0.0032
-65.95 0 0.00641
-65.85 0.00329 0
-65.75 0.00329 0.0032
-65.65 0 0.0032
-65.55 0 0.0032
-65.45 0.00329 0
-65.35 0 0
-65.25 0.00658 0
-65.15 0.00329 0
-65.05 0.00329 0
-64.95 0.00329 0
-64.85 0 0.0032
-64.75 0.00987 0.0032
-64.65 0.00329 0.0032
-64.55 0.00987 0.0032
-64.45 0.00329 0
-64.35 0 0.0032
-64.25 0.00658 0.0032
-64.15 0.00329 0.0032
-64.05 0.00329 0.0032
-63.95 0.01646 0.00641
-63.85 0 0.00961
-63.75 0.00987 0.01922
-63.65 0.00987 0.00961
-63.55 0.01975 0.00961
-63.45 0.00987 0.00641
-63.35 0.03291 0.03203
-63.25 0.03291 0.00961
-63.15 0.02962 0.01281
-63.05 0.01646 0.01601
-62.95 0.00987 0.04164
-62.85 0.03291 0.02242
-62.75 0.0395 0.02562
-62.65 0.02962 0.02562
-62.55 0.02304 0.02882
-62.45 0.04279 0.01601
-62.35 0.0362 0.04484
-62.25 0.02962 0.02242
-62.15 0.0395 0.02242
-62.05 0.0362 0.01601
-61.95 0.01646 0.01922
-61.85 0.0362 0.02562
-61.75 0.01646 0.01922
-61.65 0.02304 0.04164
-61.55 0.0395 0.02562
-61.45 0.02304 0.02882
-61.35 0.02633 0.01601
-61.25 0.01975 0.01281
-61.15 0.01317 0.01601
-61.05 0.01646 0.02242
-60.95 0.02304 0.03203
-60.85 0.02633 0.03523
-60.75 0.01975 0.01922
-60.65 0.02304 0.0032
-60.55 0.01975 0.0032
-60.45 0.00329 0.01281
-60.35 0.00987 0.01601
-60.25 0.00987 0.01601
-60.15 0.01975 0.01281
-60.05 0.00987 0.01601
-59.95 0.01317 0
-59.85 0.00329 0.0032
-59.75 0.01317 0.00641
-59.65 0 0.00641
-59.55 0.00987 0.01281
-59.45 0.00658 0.00961
-59.35 0.01317 0.00961
-59.25 0 0
-59.15 0.00329 0.00961
-59.05 0.00329 0.01922
-58.95 0.00329 0.00641
-58.85 0.00987 0.0032
-58.75 0.00658 0.01281
-58.65 0.00329 0.00641
-58.55 0.00329 0.0032
-58.45 0.01317 0.0032
-58.35 0.00658 0.01601
-58.25 0.00658 0.00641
-58.15 0.00329 0.0032
-58.05 0 0.0032
-57.95 0.00329 0.00641
-57.85 0 0.0032
-57.75 0.00987 0.0032
-57.65 0.00987 0.00641
-57.55 0.00329 0
-57.45 0.00329 0
-57.35 0.00329 0
-57.25 0.00329 0
-57.15 0 0.0032
-57.05 0 0.00641
-56.95 0 0
-56.85 0 0
-56.75 0 0
-56.65 0 0.0032
-56.55 0 0.0032
-56.45 0.00658 0.0032
-56.35 0 0.0032
-56.25 0 0
-56.15 0.00658 0
-56.05 0 0.0032
-55.95 0 0
-55.85 0.00329 0.0032
-55.75 0 0
-55.65 0 0.0032
-55.55 0 0
-55.45 0 0.0032
-55.35 0.00329 0
-55.25 0 0.0032
-55.15 0.00658 0.0032
-55.05 0 0
-54.95 0.00329 0.0032
-54.85 0 0.0032
-54.75 0 0.0032
-54.65 0 0
-54.55 0 0.0032
-54.45 0 0
-54.35 0 0.0032
-54.25 0.00658 0
-54.15 0.00329 0
-54.05 0 0
-53.95 0 0.0032
-53.85 0.00329 0
-53.75 0 0
-53.65 0 0
-53.55 0 0.0032
-53.45 0 0
-53.35 0 0.0032
-53.25 0 0
-53.15 0.00329 0
-53.05 0 0.0032
-52.95 0.00329 0.0032
-52.85 0 0.0032
-52.75 0.00658 0
-52.65 0.00329 0.0032
-52.55 0.00329 0
-52.45 0.01317 0
-52.35 0 0
-52.25 0.00987 0.00961
-52.15 0.00658 0.00641
-52.05 0.00658 0
-51.95 0.00329 0
-51.85 0.00658 0
-51.75 0.00987 0.00961
-51.65 0.00987 0.00641
-51.55 0.02962 0.01281
-51.45 0.02304 0.00641
-51.35 0.01317 0.01922
-51.25 0.01975 0.01281
-51.15 0.01317 0.00961
-51.05 0.02962 0.00961
-50.95 0.00987 0.01601
-50.85 0.01975 0.00641
-50.75 0.01646 0.00961
-50.65 0.02633 0.01281
-50.55 0.02304 0.03843
-50.45 0.02962 0.01281
-50.35 0.01975 0.02242
-50.25 0.00329 0.0032
-50.15 0.02633 0.02562
-50.05 0.01975 0.02242
-49.95 0.02304 0.02882
-49.85 0.0362 0.06085
-49.75 0.0362 0.02882
-49.65 0.02962 0.02882
-49.55 0.03291 0.02562
-49.45 0.02304 0.01922
-49.35 0.01317 0.01281
-49.25 0.02633 0.02242
-49.15 0.01317 0.04164
-49.05 0.00987 0.00641
-48.95 0.01317 0.02882
-48.85 0.02304 0.02882
-48.75 0.01317 0.01281
-48.65 0.02304 0.01601
-48.55 0.01317 0.00961
-48.45 0.00987 0.00641
-48.35 0.01317 0.02242
-48.25 0.00987 0.00961
-48.15 0.00658 0.01922
-48.05 0.00329 0.02242
-47.95 0.00658 0.01601
-47.85 0.00987 0.01281
-47.75 0.01317 0.01281
-47.65 0.01975 0.01601
-47.55 0 0.00641
-47.45 0.02962 0.01281
-47.35 0.00329 0.00641
-47.25 0.01317 0.01281
-47.15 0.01646 0.0032
-47.05 0.00329 0.01281
-46.95 0.00329 0.00961
-46.85 0.00987 0.0032
-46.75 0.00329 0
-46.65 0 0.01281
-46.55 0.00987 0.00641
-46.45 0.00658 0
-46.35 0.00987 0.0032
-46.25 0 0.00641
-46.15 0 0.0032
-46.05 0.00329 0.00641
-45.95 0.00329 0.0032
-45.85 0.00329 0.0032
-45.75 0 0.00641
-45.65 0 0.0032
-45.55 0.00658 0
-45.45 0 0.0032
-45.35 0 0.00641
-45.25 0.00658 0
-45.15 0 0.00641
-45.05 0 0.00641
-44.95 0 0
-44.85 0.00658 0.00641
-44.75 0 0.0032
-44.65 0 0.0032
-44.55 0.00987 0
-44.45 0.00329 0
-44.35 0 0
-44.25 0 0.00641
-44.15 0.00329 0.0032
-44.05 0 0
-43.95 0 0.0032
-43.85 0 0.0032
-43.75 0 0
-43.65 0.00658 0.00641
-43.55 0.00329 0
-43.45 0 0.0032
-43.35 0 0
-43.25 0 0
-43.15 0 0
-43.05 0.00329 0.0032
-42.95 0.00329 0.0032
-42.85 0 0.0032
-42.75 0 0
-42.65 0 0
-42.55 0 0
-42.45 0.00329 0
-42.35 0 0
-42.25 0.00329 0.0032
-42.15 0.00329 0.0032
-42.05 0 0
-41.95 0.00329 0
-41.85 0 0.0032
-41.75 0 0
-41.65 0 0.0032
-41.55 0 0.0032
-41.45 0 0
-41.35 0 0
-41.25 0.00329 0
-41.15 0 0
-41.05 0 0
-40.95 0 0
-40.85 0 0.0032
-40.75 0 0
-40.65 0 0.0032
-40.55 0 0
-40.45 0 0.00641
-40.35 0.00329 0.00961
-40.25 0.00329 0.0032
-40.15 0.00329 0.00961
-40.05 0.00987 0
-39.95 0.00987 0.00641
-39.85 0.00329 0
-39.75 0.00329 0.00641
-39.65 0.00329 0.00641
-39.55 0.00329 0.0032
-39.45 0.00658 0.0032
-39.35 0 0.0032
-39.25 0.00658 0.00961
-39.15 0.00658 0.00961
-39.05 0.00658 0.0032
-38.95 0.00329 0.00641
-38.85 0.01317 0
-38.75 0.01317 0.01601
-38.65 0.00987 0.01281
-38.55 0.01317 0.00961
-38.45 0.01975 0.00641
-38.35 0.01975 0.01281
-38.25 0.01646 0.01601
-38.15 0.01975 0.02242
-38.05 0.01975 0.00961
-37.95 0.02304 0.01601
-37.85 0.01317 0.02242
-37.75 0.02962 0.01922
-37.65 0.02962 0.02242
-37.55 0.01646 0.02242
-37.45 0.0395 0.03203
-37.35 0.01975 0.03843
-37.25 0.02633 0.02242
-37.15 0.01646 0.01922
-37.05 0.02962 0.01281
-36.95 0.01317 0.02562
-36.85 0.02304 0.03203
-36.75 0.02633 0.00961
-36.65 0.02633 0.02562
-36.55 0.01317 0.01281
-36.45 0.04937 0.02562
-36.35 0.01646 0.02242
-36.25 0.02304 0.00961
-36.15 0.02962 0.02562
-36.05 0.02633 0.01922
-35.95 0.01317 0.02882
-35.85 0.01317 0.03843
-35.75 0.01646 0.01922
-35.65 0 0.01601
-35.55 0.01317 0.01922
-35.45 0.00987 0.02562
-35.35 0.01317 0.01601
-35.25 0.01317 0.00641
-35.15 0.00658 0.00641
-35.05 0.00329 0.02242
-34.95 0.00987 0.0032
-34.85 0.00329 0.00961
-34.75 0.00658 0.00641
-34.65 0.00658 0.00641
-34.55 0.00329 0.00961
-34.45 0.00658 0.01281
-34.35 0.00987 0.00961
-34.25 0 0.00641
-34.15 0.00658 0.00641
-34.05 0.00329 0.00641
-33.95 0.00658 0.00961
-33.85 0.00987 0.0032
-33.75 0.00658 0
-33.65 0.00329 0.00641
-33.55 0.00987 0.00961
-33.45 0.00658 0.00641
-33.35 0.00658 0
-33.25 0.00329 0.0032
-33.15 0.00329 0.0032
-33.05 0.00658 0.01281
-32.95 0.00329 0.0032
-32.85 0.00329 0.0032
-32.75 0.00329 0.0032
-32.65 0 0
-32.55 0 0.00641
-32.45 0.00658 0
-32.35 0.00329 0.0032
-32.25 0 0.00961
-32.15 0.00329 0
-32.05 0.00329 0
-31.95 0.00329 0
-31.85 0.00329 0
-31.75 0 0
-31.65 0 0.0032
-31.55 0.00329 0.0032
-31.45 0 0.0032
-31.35 0.00329 0
-31.25 0.00329 0.0032
-31.15 0 0
-31.05 0 0
-30.95 0 0
-30.85 0 0
-30.75 0 0
-30.65 0 0.00961
-30.55 0 0
-30.45 0 0.00641
-30.35 0 0.0032
-30.25 0 0
-30.15 0 0
-30.05 0 0.0032
-29.95 0 0
-29.85 0 0
-29.75 0.00329 0
-29.65 0.00329 0.0032
-29.55 0.00658 0
-29.45 0.00329 0.0032
-29.35 0 0.00641
-29.25 0 0.0032
-29.15 0.00329 0
-29.05 0.00329 0
-28.95 0 0.0032
-28.85 0 0.0032
-28.75 0 0
-28.65 0 0
-28.55 0 0
-28.45 0.00658 0
-28.35 0 0
-28.25 0.00987 0.0032
-28.15 0 0
-28.05 0.00987 0.0032
-27.95 0.00329 0.0032
-27.85 0.00329 0.0032
-27.75 0.00329 0
-27.65 0.00658 0.0032
-27.55 0.00658 0
-27.45 0.00329 0.00961
-27.35 0.00329 0.00641
-27.25 0.00329 0
-27.15 0 0
-27.05 0.01317 0
-26.95 0.00329 0.00961
-26.85 0.00658 0.00641
-26.75 0 0.00961
-26.65 0.00658 0.00961
-26.55 0 0
-26.45 0.00658 0.0032
-26.35 0.00658 0.00961
-26.25 0.01646 0.00641
-26.15 0.02304 0.00961
-26.05 0.00329 0.00641
-25.95 0.00987 0.00641
-25.85 0.01975 0.0032
-25.75 0.03291 0.01922
-25.65 0.00658 0.03203
-25.55 0.01646 0.02242
-25.45 0.02304 0.01922
-25.35 0.01975 0.02562
-25.25 0.01975 0.01922
-25.15 0.02633 0.02882
-25.05 0.01646 0.01922
-24.95 0.01317 0.02562
-24.85 0.02304 0.02882
-24.75 0.01646 0.01922
-24.65 0.02962 0.03203
-24.55 0.02962 0.03203
-24.45 0.01317 0.02562
-24.35 0.02304 0.02882
-24.25 0.02633 0.02882
-24.15 0.01646 0.02242
-24.05 0.01646 0.01922
-23.95 0.02304 0.02562
-23.85 0.02633 0.03203
-23.75 0.02962 0.01922
-23.65 0.01975 0.02562
-23.55 0.00658 0.01922
-23.45 0.01317 0.02882
-23.35 0.01646 0.01922
-23.25 0.00329 0.01281
-23.15 0.01646 0.02562
-23.05 0.00658 0.01601
-22.95 0.01646 0.00641
-22.85 0.00987 0.00961
-22.75 0.01975 0.00961
-22.65 0.00987 0.00961
-22.55 0.02633 0.01922
-22.45 0.00658 0.00961
-22.35 0.00987 0.00641
-22.25 0.01317 0.01281
-22.15 0.00658 0.0032
-22.05 0 0.0032
-21.95 0.00658 0.0032
-21.85 0.00987 0.00641
-21.75 0.01646 0.00641
-21.65 0 0.0032
-21.55 0.00329 0.00641
-21.45 0 0.00641
-21.35 0 0.0032
-21.25 0.00987 0.00641
-21.15 0 0.00641
-21.05 0.00658 0.00641
-20.95 0.00329 0.00641
-20.85 0.00329 0.0032
-20.75 0.00329 0.0032
-20.65 0.00329 0.0032
-20.55 0 0.0032
-20.45 0.00658 0
-20.35 0 0.00961
-20.25 0.00987 0.0032
-20.15 0 0.0032
-20.05 0 0
-19.95 0.00329 0
-19.85 0.00329 0.00641
-19.75 0.01317 0.0032
-19.65 0 0.0032
-19.55 0 0
-19.45 0 0.00641
-19.35 0 0
-19.25 0 0.0032
-19.15 0.00329 0
-19.05 0 0
-18.95 0.00329 0.0032
-18.85 0 0.0032
-18.75 0 0
-18.65 0.00329 0.0032
-18.55 0.00329 0
-18.45 0.00329 0
-18.35 0 0.00641
-18.25 0 0.0032
-18.15 0 0
-18.05 0.00658 0
-17.95 0 0
-17.85 0 0
-17.75 0 0.0032
-17.65 0.00329 0
-17.55 0 0
-17.45 0 0.0032
-17.35 0 0.0032
-17.25 0 0
-17.15 0 0
-17.05 0.00329 0.0032
-16.95 0.00658 0
-16.85 0 0
-16.75 0.00329 0
-16.65 0.00329 0
-16.55 0.00329 0
-16.45 0 0.0032
-16.35 0 0
-16.25 0 0
-16.15 0 0.0032
-16.05 0 0
-15.95 0 0
-15.85 0 0.00641
-15.75 0.00658 0.0032
-15.65 0 0
-15.55 0.00329 0.0032
-15.45 0.00658 0.00961
-15.35 0 0
-15.25 0 0.0032
-15.15 0.00329 0
-15.05 0.00329 0
-14.95 0 0
-14.85 0 0
-14.75 0.01317 0.0032
-14.65 0 0.0032
-14.55 0 0.0032
-14.45 0.00329 0
-14.35 0.00329 0.0032
-14.25 0.00329 0.00961
-14.15 0.00658 0.01281
-14.05 0.00987 0.0032
-13.95 0.00329 0.0032
-13.85 0.01646 0.00641
-13.75 0.00658 0.00641
-13.65 0.00987 0.0032
-13.55 0.01317 0.01281
-13.45 0.00658 0.0032
-13.35 0.00658 0.0032
-13.25 0.02304 0.00641
-13.15 0.01646 0.01601
-13.05 0.02633 0.01601
-12.95 0.01646 0.01922
-12.85 0.00658 0.01601
-12.75 0.00658 0.02242
-12.65 0.02304 0.02562
-12.55 0.02633 0.02242
-12.45 0.01975 0.01601
-12.35 0.02962 0.02562
-12.25 0.01975 0.02242
-12.15 0.02304 0.04804
-12.05 0.01646 0.02242
-11.95 0.01646 0.02562
-11.85 0.01646 0.01922
-11.75 0.01317 0.02242
-11.65 0.02962 0.02562
-11.55 0.00658 0.02242
-11.45 0.02962 0.02562
-11.35 0.00987 0.01922
-11.25 0.0362 0.01601
-11.15 0.01646 0.02562
-11.05 0.01646 0.01281
-10.95 0.01317 0.01922
-10.85 0.00329 0.01281
-10.75 0.00987 0.00961
-10.65 0.01317 0.02562
-10.55 0.00987 0.00961
-10.45 0.00658 0.02562
-10.35 0.00658 0.0032
-10.25 0.00329 0.01601
-10.15 0 0.01922
-10.05 0.00658 0.01601
-9.95 0.00329 0.00641
-9.85 0.00329 0.00641
-9.75 0.00987 0.00961
-9.65 0.00329 0.0032
-9.55 0.00329 0.00641
-9.45 0.00329 0.0032
-9.35 0.00329 0.0032
-9.25 0.00329 0.00641
-9.15 0.00987 0
-9.05 0.00658 0.00641
-8.95 0 0
-8.85 0.00329 0.00641
-8.75 0.00658 0.00641
-8.65 0 0.0032
-8.55 0.00329 0
-8.45 0.00329 0
-8.35 0.00329 0.0032
-8.25 0 0
-8.15 0 0.00961
-8.05 0.00329 0.0032
-7.95 0 0
-7.85 0.00329 0
-7.75 0.00658 0.0032
-7.65 0.00658 0
-7.55 0 0.0032
-7.45 0.00329 0
-7.35 0 0
-7.25 0.00329 0.0032
-7.15 0 0
-7.05 0 0
-6.95 0 0.0032
-6.85 0 0
-6.75 0 0
-6.65 0 0
-6.55 0 0
-6.45 0 0
-6.35 0 0
-6.25 0 0
-6.15 0 0
-6.05 0 0
-5.95 0 0
-5.85 0 0
-5.75 0.00329 0.0032
-5.65 0 0.0032
-5.55 0 0.0032
-5.45 0 0
-5.35 0 0.0032
-5.25 0 0.0032
-5.15 0 0.0032
-5.05 0 0
-4.95 0 0
-4.85 0.00329 0
-4.75 0 0.0032
-4.65 0 0
-4.55 0 0
-4.45 0 0
-4.35 0 0
-4.25 0.00329 0.0032
-4.15 0 0.0032
-4.05 0 0
-3.95 0 0
-3.85 0 0
-3.75 0 0
-3.65 0 0
-3.55 0.00329 0
-3.45 0 0
-3.35 0 0
-3.25 0 0.0032
-3.15 0 0
-3.05 0 0
-2.95 0 0
-2.85 0 0
-2.75 0 0.0032
-2.65 0.00329 0
-2.55 0.00329 0.0032
-2.45 0 0
-2.35 0 0
-2.25 0 0.0032
-2.15 0 0
-2.05 0 0.0032
-1.95 0.00329 0.0032
-1.85 0.00329 0.0032
-1.75 0 0
-1.65 0 0.00961
-1.55 0.00329 0.0032
-1.45 0.00329 0.00641
-1.35 0.00329 0.0032
-1.25 0.00329 0.0032
-1.15 0 0
-1.05 0.00329 0
-0.95 0.00658 0.00641
-0.85 0.00329 0.01281
-0.75 0.01317 0.00641
-0.65 0.00329 0.02242
-0.55 0.01317 0.00961
-0.45 0.00987 0.01601
-0.35 0.02304 0.03523
-0.25 0.01317 0.04484
-0.15 0.01975 0.05765
-0.05 0.01975 0.08327
0.05 0.0395 0.12811
0.15 0.02304 0.12171
0.25 0.04279 0.15373
0.35 0.0362 0.10889
0.45 0.05266 0.21779
0.55 0.02962 0.14733
0.65 0.0362 0.17295
0.75 0.02304 0.16334
0.85 0.03291 0.10569
0.95 0.03291 0.13452
1.05 0.04937 0.13131
1.15 0.02304 0.12171
1.25 0.04608 0.1121
1.35 0.05595 0.10889
1.45 0.05924 0.06085
1.55 0.0362 0.07046
1.65 0.0362 0.07366
1.75 0.04937 0.05445
1.85 0.03291 0.05124
1.95 0.03291 0.02562
2.05 0.03291 0.06406
2.15 0.01646 0.03843
2.25 0.01646 0.01922
2.35 0.03291 0.00961
2.45 0.0362 0.02562
2.55 0.0395 0.01601
2.65 0.02962 0.01281
2.75 0.01975 0.01601
2.85 0.02633 0.01601
2.95 0.02962 0.0032
3.05 0.02304 0.01922
3.15 0.01317 0.0032
3.25 0.02962 0.0032
3.35 0.00658 0.0032
3.45 0.01317 0.00961
3.55 0.00658 0.00961
3.65 0.00987 0.01601
3.75 0.01646 0.00641
3.85 0.00987 0.00641
3.95 0.00658 0.00641
4.05 0.00658 0.0032
4.15 0.00658 0.01281
4.25 0.01646 0.01281
4.35 0.00329 0.00961
4.45 0 0.0032
4.55 0.00329 0.0032
4.65 0.00658 0.0032
4.75 0 0.0032
4.85 0 0.0032
4.95 0 0.0032
5.05 0.00329 0
5.15 0 0.0032
5.25 0.00329 0
5.35 0.00329 0.00641
5.45 0 0.00961
5.55 0 0.0032
5.65 0 0.00641
5.75 0 0
5.85 0 0.0032
5.95 0 0.0032
6.05 0.00329 0
6.15 0 0
6.25 0 0
6.35 0 0.0032
6.45 0 0.0032
6.55 0.00329 0.0032
6.65 0 0.0032
6.75 0 0
6.85 0 0.0032
6.95 0 0
7.05 0.00329 0.0032
7.15 0 0
7.25 0 0.0032
7.35 0.00329 0.0032
7.45 0 0
7.55 0.00329 0
7.65 0 0
7.75 0 0
7.85 0 0
7.95 0 0
8.05 0 0
8.15 0 0.0032
8.25 0.00329 0.0032
8.35 0 0.0032
8.45 0 0
8.55 0 0.0032
8.65 0 0
8.75 0.00658 0
8.85 0 0
8.95 0 0
9.05 0 0
9.15 0 0.0032
9.25 0 0
9.35 0.00329 0.0032
9.45 0.00329 0.0032
9.55 0 0.0032
9.65 0 0.0032
9.75 0.00658 0
9.85 0.00658 0.00641
9.95 0.00329 0
10.05 0 0.00641
10.15 0.00987 0
10.25 0.00329 0
10.35 0.00658 0.0032
10.45 0 0.0032
10.55 0.00658 0.0032
10.65 0.00658 0.0032
10.75 0.00658 0.0032
10.85 0.02962 0.00961
10.95 0.00329 0.01281
11.05 0.00987 0.01281
11.15 0.01317 0.0032
11.25 0.00329 0.00961
11.35 0.00329 0.00961
11.45 0.00987 0.00641
11.55 0.01646 0.01601
11.65 0.01646 0.01601
11.75 0.00987 0.01922
11.85 0.03291 0.01281
11.95 0.02962 0.02242
12.05 0.00987 0.02242
12.15 0.01317 0.01281
12.25 0.0395 0.02242
12.35 0.02304 0.01922
12.45 0.01646 0.01281
12.55 0.01975 0.02882
12.65 0.01975 0.01922
12.75 0.02962 0.00961
12.85 0.02962 0.01922
12.95 0.02304 0.00641
13.05 0.01646 0.02242
13.15 0.01975 0.02242
13.25 0.02304 0.00641
13.35 0.02633 0.02242
13.45 0.02304 0.00961
13.55 0.01317 0.03843
13.65 0.01975 0.02242
13.75 0.01646 0.01281
13.85 0.02304 0.01601
13.95 0.00658 0.00961
14.05 0.00329 0.01922
14.15 0.00987 0.00641
14.25 0.02304 0.01601
14.35 0.01975 0.01601
14.45 0.01317 0.01601
14.55 0.00329 0.01922
14.65 0.00329 0.0032
14.75 0.01317 0
14.85 0.00329 0.01601
14.95 0.00329 0.01601
15.05 0.00658 0.00641
15.15 0 0.01601
15.25 0.00658 0.01281
15.35 0.00658 0.00641
15.45 0 0.00961
15.55 0 0.00961
15.65 0.00658 0.01281
15.75 0 0.01601
15.85 0.00987 0.0032
15.95 0.00329 0.00961
16.05 0.00658 0.01601
16.15 0.00329 0.0032
16.25 0.00329 0.0032
16.35 0.00329 0.0032
16.45 0.00987 0.00961
16.55 0.00329 0.0032
16.65 0 0
16.75 0.00329 0
16.85 0.00658 0.0032
16.95 0.00658 0.0032
17.05 0.00329 0.00641
17.15 0.00329 0.0032
17.25 0 0.00641
17.35 0.00987 0.0032
17.45 0 0.00961
17.55 0 0.00641
17.65 0.00329 0.0032
17.75 0.00658 0.0032
17.85 0.00329 0
17.95 0 0.0032
18.05 0 0.00641
18.15 0 0
18.25 0.00329 0
18.35 0.00329 0
18.45 0 0.0032
18.55 0.00329 0.00641
18.65 0.00658 0
18.75 0.00329 0.0032
18.85 0 0
18.95 0 0
19.05 0 0
19.15 0 0
19.25 0.00658 0.00641
19.35 0.00329 0
19.45 0.00329 0.0032
19.55 0 0
19.65 0.00329 0
19.75 0 0
19.85 0 0
19.95 0 0.0032
20.05 0 0
20.15 0 0
20.25 0 0.0032
20.35 0 0
20.45 0 0
20.55 0.00329 0
20.65 0 0
20.75 0 0
20.85 0 0
20.95 0 0.0032
21.05 0 0.0032
21.15 0 0
21.25 0 0
21.35 0.00658 0
21.45 0 0
21.55 0.00658 0
21.65 0 0
21.75 0.00658 0
21.85 0.00329 0.0032
21.95 0.00987 0.00641
22.05 0 0.0032
22.15 0 0.0032
22.25 0.00329 0
22.35 0.00329 0
22.45 0 0.00961
22.55 0.00658 0
22.65 0.00658 0
22.75 0 0.00641
22.85 0.00987 0.0032
22.95 0 0.0032
23.05 0.00658 0.00961
23.15 0.00329 0.00641
23.25 0.01317 0.00641
23.35 0 0
23.45 0.00987 0.01281
23.55 0 0.00961
23.65 0.01317 0.00641
23.75 0.01317 0.00641
23.85 0.00987 0
23.95 0.00658 0.01281
24.05 0.00987 0.01601
24.15 0.01317 0.01601
24.25 0.02304 0.0032
24.35 0.01975 0.01922
24.45 0.01646 0.02562
24.55 0.02633 0.01922
24.65 0.01646 0.00641
24.75 0.02633 0.01281
24.85 0.0362 0.01281
24.95 0.01646 0.01601
25.05 0.02633 0.02242
25.15 0.01646 0.01922
25.25 0.02962 0.03203
25.35 0.01317 0.00641
25.45 0.02633 0.03523
25.55 0.02304 0.01601
25.65 0.00987 0.02882
25.75 0.01975 0.02562
25.85 0.01317 0.01281
25.95 0.02962 0.02242
26.05 0.01975 0.02882
26.15 0.01317 0.02562
26.25 0.01317 0.01922
26.35 0.00987 0.02242
26.45 0.01317 0.01281
26.55 0.02633 0.00641
26.65 0.00987 0.01281
26.75 0.01646 0.01922
26.85 0.00987 0.01601
26.95 0.00987 0.01281
27.05 0.01317 0.02882
27.15 0.01317 0.00961
27.25 0.01646 0.01281
27.35 0.01646 0.02562
27.45 0.00658 0.01601
27.55 0.00329 0.00961
27.65 0.00658 0.01922
27.75 0.01317 0.00961
27.85 0.00329 0.00961
27.95 0.00987 0
28.05 0.00658 0.01601
28.15 0.00329 0.00961
28.25 0.01646 0.00641
28.35 0.00658 0.0032
28.45 0.01317 0.00961
28.55 0.00987 0.0032
28.65 0.01317 0.00641
28.75 0.00329 0
28.85 0 0.00961
28.95 0.01317 0.01281
29.05 0.00658 0.0032
29.15 0 0.0032
29.25 0 0.00641
29.35 0.00658 0
29.45 0 0.00961
29.55 0 0.00641
29.65 0 0.0032
29.75 0.00329 0.0032
29.85 0.00329 0.0032
29.95 0.00987 0.0032
30.05 0.00329 0
30.15 0.00329 0.0032
30.25 0 0
30.35 0 0.0032
30.45 0.00329 0
30.55 0.00329 0.00641
30.65 0.00658 0
30.75 0 0
30.85 0 0
30.95 0.00329 0
31.05 0.00329 0.00961
31.15 0.00329 0
31.25 0 0.00641
31.35 0 0.0032
31.45 0.00329 0.0032
31.55 0 0
31.65 0.00329 0
31.75 0.00658 0.00641
31.85 0 0
31.95 0.00329 0
32.05 0 0.0032
32.15 0 0
32.25 0.00329 0
32.35 0 0
32.45 0 0
32.55 0 0.0032
32.65 0 0
32.75 0.00329 0.0032
32.85 0 0
32.95 0.00329 0
33.05 0.00329 0
33.15 0 0
33.25 0 0.0032
33.35 0.00329 0
33.45 0 0
33.55 0.00329 0.0032
33.65 0.00329 0.0032
33.75 0 0.0032
33.85 0 0
33.95 0 0
34.05 0 0
34.15 0 0.0032
34.25 0.00329 0
34.35 0 0
34.45 0.00658 0.0032
34.55 0.00329 0.0032
34.65 0 0.0032
34.75 0.00329 0.0032
34.85 0 0
34.95 0 0.0032
35.05 0 0
35.15 0.00987 0.0032
35.25 0 0
35.35 0 0.00641
35.45 0.00329 0.00961
35.55 0.00658 0.00641
35.65 0.00987 0.00641
35.75 0.01317 0.00641
35.85 0.01317 0.01601
35.95 0.00987 0.0032
36.05 0.00658 0.00961
36.15 0.01317 0.00961
36.25 0.01317 0
36.35 0.00329 0.00961
36.45 0.00329 0.0032
36.55 0.01646 0.02242
36.65 0.00658 0.01922
36.75 0.01317 0.00961
36.85 0.00987 0.02242
36.95 0.02962 0.02562
37.05 0.04279 0.03203
37.15 0.03291 0.02242
37.25 0.0362 0.02562
37.35 0.01646 0.02882
37.45 0.03291 0.02882
37.55 0.02304 0.02562
37.65 0.02304 0.02562
37.75 0.02962 0.01922
37.85 0.04279 0.01922
37.95 0.01975 0.01922
38.05 0.01317 0.02882
38.15 0.02962 0.01601
38.25 0.01975 0.03843
38.35 0.02633 0.03843
38.45 0.01317 0.02242
38.55 0.02962 0.01281
38.65 0.02633 0.01922
38.75 0.03291 0.01922
38.85 0.01646 0.01601
38.95 0.01975 0.01601
39.05 0 0.02242
39.15 0.00987 0.02562
39.25 0.02304 0.04164
39.35 0.00329 0.01281
39.45 0.01646 0.00641
39.55 0.00658 0.01922
39.65 0.00329 0.00641
39.75 0.00987 0.02562
39.85 0.00658 0.00961
39.95 0.00658 0.01281
40.05 0.01317 0.01281
40.15 0.00658 0
40.25 0.00329 0.0032
40.35 0.00658 0.00641
40.45 0.00329 0.00961
40.55 0.00987 0.0032
40.65 0.01646 0.0032
40.75 0.00329 0.0032
40.85 0.00329 0.0032
40.95 0 0
41.05 0.00329 0.0032
41.15 0 0.0032
41.25 0.00658 0.00961
41.35 0 0.00961
41.45 0.00658 0.00961
41.55 0.00658 0.00641
41.65 0.00658 0.0032
41.75 0 0
41.85 0.00987 0.0032
41.95 0 0
42.05 0 0.0032
42.15 0.00987 0
42.25 0 0.0032
42.35 0 0.00641
42.45 0 0.0032
42.55 0.00329 0
42.65 0 0.0032
42.75 0.00329 0.0032
42.85 0.00329 0.00641
42.95 0.00329 0
43.05 0.00329 0
43.15 0 0.00641
43.25 0 0.00641
43.35 0.00329 0
43.45 0 0
43.55 0 0.0032
43.65 0 0
43.75 0 0
43.85 0.00329 0
43.95 0 0
44.05 0.00329 0
44.15 0 0
44.25 0.00329 0.00641
44.35 0.00658 0
44.45 0 0
44.55 0 0.0032
44.65 0 0
44.75 0.00329 0
44.85 0 0
44.95 0 0
45.05 0.00658 0
45.15 0.00329 0.0032
45.25 0 0
45.35 0 0
45.45 0 0
45.55 0 0
45.65 0 0
45.75 0 0.0032
45.85 0 0
45.95 0.00329 0
46.05 0 0
46.15 0 0.0032
46.25 0.00329 0
46.35 0.00658 0
46.45 0.00329 0
46.55 0.00329 0
46.65 0.00329 0
46.75 0 0
46.85 0.00329 0
46.95 0 0
47.05 0 0.0032
47.15 0 0.00641
47.25 0.00658 0
47.35 0 0
47.45 0.00329 0
47.55 0.00658 0.0032
47.65 0.00658 0.00641
47.75 0.00329 0.00961
47.85 0.00329 0.0032
47.95 0.00658 0.00641
48.05 0.00329 0
48.15 0.00658 0.00961
48.25 0.00987 0.00961
48.35 0.00658 0.00961
48.45 0.00658 0.01281
48.55 0.01317 0.00641
48.65 0.01646 0.00961
48.75 0.00987 0.00961
48.85 0 0.0032
48.95 0.00658 0.01281
49.05 0.01646 0.01281
49.15 0.02304 0.0032
49.25 0.01975 0.01922
49.35 0.01646 0.02562
49.45 0.03291 0.00641
49.55 0.01317 0.00961
49.65 0.01975 0.02562
49.75 0.03291 0.01922
49.85 0.02304 0.02242
49.95 0.0395 0.02882
50.05 0.0362 0.03523
50.15 0.02633 0.03843
50.25 0.03291 0.02882
50.35 0.02633 0.02242
50.45 0.03291 0.02562
50.55 0.02304 0.02242
50.65 0.00658 0.03843
50.75 0.02633 0.03203
50.85 0.02633 0.01601
50.95 0.01646 0.02562
51.05 0.01975 0.01281
51.15 0.01317 0.01922
51.25 0.01646 0.01281
51.35 0.01975 0.00961
51.45 0.00987 0.03523
51.55 0.01975 0.01922
51.65 0.00658 0.00641
51.75 0.00987 0.00641
51.85 0.01317 0.01922
51.95 0.01317 0.01281
52.05 0.01317 0.01601
52.15 0.00658 0.01922
52.25 0.01646 0.01601
52.35 0.00987 0.01922
52.45 0.00987 0.01601
52.55 0.00987 0.01601
52.65 0.00658 0.00641
52.75 0 0.00961
52.85 0.00987 0.00961
52.95 0.01317 0.00961
53.05 0.00329 0.01922
53.15 0.01646 0.0032
53.25 0.00329 0.0032
53.35 0 0
53.45 0 0.00961
53.55 0.00329 0.0032
53.65 0.00658 0.0032
53.75 0.00987 0
53.85 0.00329 0.0032
53.95 0.00658 0
54.05 0.00658 0.00641
54.15 0.00658 0.00961
54.25 0 0.0032
54.35 0.00658 0.0032
54.45 0 0.0032
54.55 0.00658 0.00641
54.65 0.00329 0
54.75 0.00658 0.0032
54.85 0 0
54.95 0 0.00641
55.05 0.00658 0.0032
55.15 0.00329 0.0032
55.25 0.00658 0
55.35 0 0
55.45 0 0.00641
55.55 0.00329 0
55.65 0.00329 0.00641
55.75 0 0
55.85 0 0
55.95 0.00658 0
56.05 0 0.0032
56.15 0 0.0032
56.25 0 0
56.35 0 0.0032
56.45 0 0.0032
56.55 0 0
56.65 0 0.00641
56.75 0 0
56.85 0.00329 0
56.95 0 0
57.05 0 0
57.15 0 0
57.25 0.00329 0
57.35 0 0
57.45 0 0
57.55 0 0
57.65 0 0
57.75 0.00329 0
57.85 0 0
57.95 0 0
58.05 0 0
58.15 0 0
58.25 0 0
58.35 0.00329 0.0032
58.45 0.00658 0
58.55 0.00329 0.0032
58.65 0 0
58.75 0 0.0032
58.85 0 0
58.95 0.00658 0
59.05 0.00329 0
59.15 0.00329 0.0032
59.25 0.00329 0
59.35 0.00658 0
59.45 0 0
59.55 0.00658 0
59.65 0 0.0032
59.75 0.00658 0.00641
59.85 0 0
59.95 0.00329 0.00641
60.05 0 0
60.15 0.00329 0.00961
60.25 0.00658 0.0032
60.35 0.01646 0.00641
60.45 0 0.0032
60.55 0.00658 0.0032
60.65 0.00987 0
60.75 0.00329 0.01601
60.85 0.00658 0.00961
60.95 0.00987 0.00961
61.05 0.01646 0.00641
61.15 0.00658 0.00961
61.25 0.01317 0.02242
61.35 0.01975 0.00641
61.45 0 0.01281
61.55 0.01646 0.01601
61.65 0.01646 0.00641
61.75 0.02304 0.02562
61.85 0.00658 0.01281
61.95 0.00987 0.01601
62.05 0.01646 0.0032
62.15 0.02304 0.01922
62.25 0.03291 0.01922
62.35 0.02962 0.03203
62.45 0.01975 0.01922
62.55 0.01317 0.02242
62.65 0.03291 0.01922
62.75 0.02962 0.02882
62.85 0.04279 0.01922
62.95 0.01975 0.01601
63.05 0.0395 0.04164
63.15 0.02962 0.03203
63.25 0.02304 0.02242
63.35 0.01317 0.01601
63.45 0.01646 0.02242
63.55 0.01975 0.02242
63.65 0.01646 0.02242
63.75 0.03291 0.00961
63.85 0.01646 0.00641
63.95 0.01317 0.01922
64.05 0.02304 0.01601
64.15 0.02962 0.00961
64.25 0.01317 0.02882
64.35 0.00658 0.02242
64.45 0.01975 0.01922
64.55 0.00987 0.01922
64.65 0.02304 0.00961
64.75 0.00987 0.00641
64.85 0.00987 0.01281
64.95 0.00658 0.00961
65.05 0.00329 0.00641
65.15 0.00987 0.01281
65.25 0.00987 0.00641
65.35 0.00658 0.00961
65.45 0.01646 0.0032
65.55 0.00329 0.01601
65.65 0.00329 0.0032
65.75 0.00329 0.00961
65.85 0.00329 0.00961
65.95 0.00329 0.00641
66.05 0.00329 0.00641
66.15 0.00329 0.0032
66.25 0 0.00961
66.35 0.00658 0.01281
66.45 0.00329 0.01281
66.55 0.00987 0.00641
66.65 0.00987 0.00641
66.75 0.00329 0.0032
66.85 0 0.00641
66.95 0 0
67.05 0 0.00641
67.15 0.00329 0.00641
67.25 0.00329 0.0032
67.35 0 0
67.45 0 0.0032
67.55 0.00658 0
67.65 0 0
67.75 0 0.0032
67.85 0.00658 0.0032
67.95 0.00329 0
68.05 0.00329 0.0032
68.15 0 0
68.25 0 0
68.35 0.00329 0.00641
68.45 0.00658 0.0032
68.55 0 0.00641
68.65 0 0.0032
68.75 0 0
68.85 0 0
68.95 0.00329 0.00641
69.05 0 0
69.15 0 0
69.25 0 0.0032
69.35 0 0.00641
69.45 0 0
69.55 0.00329 0.0032
69.65 0 0.0032
69.75 0 0
69.85 0.00329 0
69.95 0.00329 0
70.05 0.00329 0
70.15 0.00329 0
70.25 0.00329 0
70.35 0 0
70.45 0 0
70.55 0.00329 0
70.65 0.00658 0
70.75 0.00658 0
70.85 0.00329 0
70.95 0 0
71.05 0 0
71.15 0.00658 0.00641
71.25 0 0
71.35 0 0
71.45 0.00329 0
71.55 0.00329 0.0032
71.65 0.00329 0.0032
71.75 0.00329 0
71.85 0 0
71.95 0.00329 0
72.05 0 0.0032
72.15 0.00329 0
72.25 0.00658 0.0032
72.35 0.00329 0.0032
72.45 0.00658 0.0032
72.55 0.00987 0
72.65 0.00658 0.0032
72.75 0 0.00961
72.85 0.00658 0.00961
72.95 0.00658 0
73.05 0.00658 0.0032
73.15 0.00987 0.0032
73.25 0.01975 0.00641
73.35 0.00658 0.01922
73.45 0.00987 0.0032
73.55 0.00987 0.00641
73.65 0.01646 0.01922
73.75 0.01975 0.02562
73.85 0.00658 0.01281
73.95 0.01317 0.00641
74.05 0.00658 0.00961
74.15 0.02633 0.0032
74.25 0.02962 0.01281
74.35 0.01975 0.02242
74.45 0.02304 0.01922
74.55 0.02962 0.01281
74.65 0.01317 0.01922
74.75 0.02962 0.00961
74.85 0.02962 0.03203
74.95 0.03291 0.01281
75.05 0.00987 0.01922
75.15 0.04279 0.03523
75.25 0.00329 0.03843
75.35 0.02962 0.02562
75.45 0.02962 0.02562
75.55 0.01975 0.01922
75.65 0.02304 0.00961
75.75 0.02633 0.01922
75.85 0.01317 0.01922
75.95 0.02304 0.02242
76.05 0.03291 0.01922
76.15 0.01646 0.01601
76.25 0.01317 0.02562
76.35 0 0.01922
76.45 0.00329 0.03523
76.55 0.01975 0.01922
76.65 0.00987 0.02882
76.75 0.00658 0.00961
76.85 0.00987 0.00961
76.95 0.00987 0
77.05 0.01646 0.01922
77.15 0.01975 0.00641
77.25 0.01317 0.01281
77.35 0.00329 0.0032
77.45 0 0.01281
77.55 0.00987 0.00641
77.65 0.00987 0.00961
77.75 0.00329 0.00641
77.85 0.01975 0.01601
77.95 0 0.00641
78.05 0.00329 0.0032
78.15 0.00987 0.0032
78.25 0.00329 0.00961
78.35 0.00987 0.00641
78.45 0.00329 0
78.55 0.01317 0.00961
78.65 0.00987 0.00641
78.75 0 0.0032
78.85 0.00329 0.00961
78.95 0.00658 0.0032
79.05 0.00329 0.0032
79.15 0.00329 0.0032
79.25 0.00658 0.0032
79.35 0.00658 0
79.45 0.00658 0.00641
79.55 0 0.00641
79.65 0 0
79.75 0.00329 0.0032
79.85 0.00329 0
79.95 0 0
80.05 0.00329 0.0032
80.15 0 0
80.25 0.00329 0.00641
80.35 0.00329 0
80.45 0 0.0032
80.55 0 0.0032
80.65 0 0.0032
80.75 0 0.0032
80.85 0 0.00641
80.95 0.00329 0
81.05 0.00329 0
81.15 0.00329 0
81.25 0 0.0032
81.35 0 0.0032
81.45 0 0.00641
81.55 0.00329 0.0032
81.65 0 0
81.75 0 0
81.85 0 0
81.95 0.00329 0
82.05 0 0
82.15 0 0
82.25 0 0
82.35 0 0
82.45 0 0
82.55 0 0
82.65 0 0.00641
82.75 0 0
82.85 0 0
82.95 0 0.0032
83.05 0 0
83.15 0.00329 0
83.25 0 0.0032
83.35 0 0
83.45 0 0.0032
83.55 0 0
83.65 0 0
83.75 0 0.0032
83.85 0 0.0032
83.95 0.00658 0
84.05 0 0.0032
84.15 0 0.0032
84.25 0.00329 0.0032
84.35 0 0
84.45 0 0
84.55 0 0
84.65 0.00658 0.0032
84.75 0.00329 0.0032
84.85 0.00987 0.0032
84.95 0 0
85.05 0 0
85.15 0.00658 0
85.25 0.00329 0.00961
85.35 0.00658 0.00641
85.45 0.01317 0.00641
85.55 0 0.0032
85.65 0.00329 0.00641
85.75 0.00658 0.0032
85.85 0.00658 0.00641
85.95 0 0.00641
86.05 0.00987 0.00961
86.15 0.00987 0.00641
86.25 0 0.00641
86.35 0.01646 0.01601
86.45 0.01317 0.01281
86.55 0.00987 0.01281
86.65 0.02304 0.02882
86.75 0.01317 0.01922
86.85 0.01317 0.04164
86.95 0.01975 0.02562
87.05 0.01975 0.02882
87.15 0.02304 0.02242
87.25 0.02633 0.01922
87.35 0.01646 0.01922
87.45 0.02304 0.01922
87.55 0.02962 0.01922
87.65 0.01975 0.02242
87.75 0.01975 0.01922
87.85 0.02304 0.04484
87.95 0.02304 0.02242
88.05 0.01646 0.01922
88.15 0.02962 0.02242
88.25 0.02304 0.02562
88.35 0.02962 0.03203
88.45 0.02304 0.01601
88.55 0.01646 0.00961
88.65 0.01317 0.01922
88.75 0.01975 0.02882
88.85 0.01646 0.00961
88.95 0.01646 0.02242
89.05 0.01975 0.01601
89.15 0.01317 0.00641
89.25 0.01317 0.02242
89.35 0.02304 0.01281
89.45 0.02304 0.00641
89.55 0.00658 0.01601
89.65 0.01975 0.00961
89.75 0.00329 0.01601
89.85 0.00658 0.01281
89.95 0.00658 0
90.05 0.01975 0.00961
90.15 0.00329 0.02882
90.25 0.00658 0.0032
90.35 0.00658 0.01601
90.45 0.00658 0.00961
90.55 0.00329 0
90.65 0.00658 0.00961
90.75 0 0
90.85 0.00658 0.00641
90.95 0.00329 0.0032
91.05 0 0.00641
91.15 0 0.00961
91.25 0 0.0032
91.35 0.00329 0
91.45 0.00658 0.00641
91.55 0 0
91.65 0.00658 0.0032
91.75 0.00658 0.0032
91.85 0.00329 0.00961
91.95 0.00658 0.0032
92.05 0.00329 0
92.15 0 0.00641
92.25 0.00329 0.0032
92.35 0.00329 0.0032
92.45 0.00658 0.00961
92.55 0.00329 0.00641
92.65 0.00658 0.00961
92.75 0 0.0032
92.85 0 0.00641
92.95 0 0.0032
93.05 0 0.0032
93.15 0.00329 0.0032
93.25 0 0.00641
93.35 0.00329 0.0032
93.45 0 0
93.55 0 0
93.65 0.00329 0
93.75 0 0
93.85 0 0.0032
93.95 0.00329 0.0032
94.05 0 0.0032
94.15 0.00658 0
94.25 0 0
94.35 0 0.0032
94.45 0 0.0032
94.55 0.00329 0
94.65 0 0
94.75 0 0
94.85 0 0
94.95 0 0.0032
95.05 0 0
95.15 0 0.0032
95.25 0 0
95.35 0 0
95.45 0 0.00961
95.55 0 0
95.65 0.00329 0
95.75 0 0.00641
95.85 0 0.0032
95.95 0 0.0032
96.05 0 0.0032
96.15 0 0
96.25 0.00658 0
96.35 0 0
96.45 0.00329 0.0032
96.55 0.00329 0
96.65 0 0
96.75 0.00329 0
96.85 0.00329 0.0032
96.95 0 0.0032
97.05 0 0.00961
97.15 0.00329 0.00641
97.25 0 0.0032
97.35 0.00658 0.0032
97.45 0.00329 0.0032
97.55 0.01317 0.0032
97.65 0.00329 0.00641
97.75 0 0.00641
97.85 0.00658 0.00961
97.95 0.00658 0.0032
98.05 0.00329 0.00641
98.15 0.00329 0.00641
98.25 0.01317 0
98.35 0.00658 0.00641
98.45 0.01975 0.01281
98.55 0.00658 0
98.65 0.00987 0.01922
98.75 0.01646 0.01601
98.85 0.01317 0.01281
98.95 0.00987 0.02562
99.05 0.01975 0.00641
99.15 0.02633 0.01281
99.25 0.01975 0.01281
99.35 0.03291 0.02562
99.45 0.01975 0.01922
99.55 0.00658 0.02562
99.65 0.00987 0.02562
99.75 0.02962 0.02882
99.85 0.00987 0.01922
99.95 0.02962 0.00641
100.05 0.02962 0.01601
100.15 0.02304 0.01601
100.25 0.0395 0.02882
100.35 0.02304 0.01281
100.45 0.03291 0.02242
100.55 0.02633 0.02562
100.65 0.01975 0.02882
100.75 0.01646 0.03523
100.85 0.01317 0.03843
100.95 0.01646 0.01601
101.05 0.01975 0.01922
101.15 0.01646 0.01281
101.25 0.01975 0.01922
101.35 0.01317 0.0032
101.45 0.01317 0.02242
101.55 0.02304 0.01281
101.65 0.01317 0.02242
101.75 0.00987 0.00641
101.85 0.00987 0.01922
101.95 0.01646 0.01281
102.05 0.00987 0.01281
102.15 0.01975 0.01281
102.25 0.00658 0.00641
102.35 0.00987 0.00961
102.45 0.00329 0.00961
102.55 0.00987 0.01601
102.65 0.01317 0.00641
102.75 0.00329 0.00641
102.85 0.00658 0.00641
102.95 0.00329 0.00961
103.05 0.00658 0
103.15 0.00329 0.00641
103.25 0.00987 0
103.35 0.00658 0.0032
103.45 0.00987 0.0032
103.55 0 0.00961
103.65 0.00329 0.00641
103.75 0.00329 0.00641
103.85 0 0
103.95 0.00987 0
104.05 0 0.00641
104.15 0 0.0032
104.25 0.00987 0.01281
104.35 0 0.0032
104.45 0.00329 0
104.55 0.00329 0.00641
104.65 0.00658 0
104.75 0 0
104.85 0.00329 0
104.95 0.00329 0.0032
105.05 0.00987 0.0032
105.15 0 0.0032
105.25 0 0
105.35 0.00329 0
105.45 0 0.0032
105.55 0 0
105.65 0 0.0032
105.75 0 0
105.85 0.00329 0.0032
105.95 0 0.0032
106.05 0 0
106.15 0.00329 0
106.25 0.00329 0
106.35 0 0
106.45 0.00329 0
106.55 0 0
106.65 0 0.0032
106.75 0.00329 0.0032
106.85 0.00658 0
106.95 0.00329 0
107.05 0 0.00641
107.15 0 0
107.25 0.00658 0.0032
107.35 0.00329 0.0032
107.45 0 0.0032
107.55 0 0
107.65 0 0.0032
107.75 0 0
107.85 0 0
107.95 0 0.0032
108.05 0 0.0032
108.15 0 0.0032
108.25 0 0
108.35 0.00329 0
108.45 0.00329 0
108.55 0.00329 0
108.65 0 0
108.75 0.00329 0
108.85 0 0.00641
108.95 0.00329 0
109.05 0 0.0032
109.15 0.00329 0.0032
109.25 0 0.0032
109.35 0 0.0032
109.45 0.00329 0.0032
109.55 0 0.0032
109.65 0.00658 0.0032
109.75 0.00329 0.0032
109.85 0.00329 0.0032
109.95 0 0
110.05 0.00987 0.0032
110.15 0 0.01281
110.25 0.00658 0
110.35 0.00329 0
110.45 0.00987 0.00641
110.55 0.00987 0
110.65 0.01317 0.00641
110.75 0.02962 0.00641
110.85 0.00987 0.00961
110.95 0.00987 0.00961
111.05 0.00658 0.01281
111.15 0.01975 0.01601
111.25 0.00987 0.02242
111.35 0.00329 0.01601
111.45 0.00987 0.01281
111.55 0.01646 0.00961
111.65 0.01975 0.00961
111.75 0.01646 0.00961
111.85 0.00658 0.02562
111.95 0.0362 0.01281
112.05 0.02633 0.02882
112.15 0.01975 0.03843
112.25 0.01646 0.02562
112.35 0.01975 0.02242
112.45 0.02304 0.01922
112.55 0.01646 0.02242
112.65 0.01646 0.03203
112.75 0.02633 0.03203
112.85 0.01317 0.02562
112.95 0.0362 0.03203
113.05 0.02633 0.02242
113.15 0.01646 0.01281
113.25 0.02304 0.01601
113.35 0.01975 0.03523
113.45 0.01317 0.00641
113.55 0.02304 0.01922
113.65 0.01317 0.02562
113.75 0.02304 0.02242
113.85 0.00658 0.00641
113.95 0.01317 0.01922
114.05 0.01975 0.01281
114.15 0.02633 0.02562
114.25 0.01317 0.02882
114.35 0.02633 0.01922
114.45 0.00658 0.02242
114.55 0.02633 0.01281
114.65 0.00658 0.00961
114.75 0.01646 0.00641
114.85 0.01975 0.00641
114.95 0 0.01601
115.05 0.00987 0.00641
115.15 0.00658 0.00961
115.25 0.00329 0.01281
115.35 0.01646 0.01281
115.45 0.00329 0.0032
115.55 0.00329 0.00961
115.65 0.00658 0
115.75 0.00658 0.00641
115.85 0.00329 0.00641
115.95 0.00329 0.00641
116.05 0.00987 0.00961
116.15 0.00329 0
116.25 0.00987 0.01281
116.35 0.00658 0
116.45 0.00987 0.00641
116.55 0 0
116.65 0.00987 0.0032
116.75 0.00329 0.00641
116.85 0.00329 0.0032
116.95 0 0.0032
117.05 0.00658 0
117.15 0.00658 0.0032
117.25 0.00658 0
117.35 0 0.00641
117.45 0.00658 0
117.55 0 0.0032
117.65 0.00329 0.0032
117.75 0.00329 0
117.85 0 0
117.95 0 0.00641
118.05 0 0.00641
118.15 0 0
118.25 0 0.00961
118.35 0 0.0032
118.45 0 0
118.55 0 0
118.65 0 0
118.75 0.00329 0.00961
118.85 0 0.0032
118.95 0.00987 0
119.05 0 0
119.15 0 0
119.25 0 0
119.35 0 0
119.45 0.00329 0
119.55 0.00658 0
119.65 0 0.0032
119.75 0 0
119.85 0 0
119.95 0 0
120.05 0 0
120.15 0 0
120.25 0 0
120.35 0 0
120.45 0.00329 0
120.55 0.00329 0.0032
120.65 0 0
120.75 0 0
120.85 0.00329 0
120.95 0.00329 0
121.05 0 0
121.15 0.00658 0
121.25 0.00329 0.0032
121.35 0.00329 0
121.45 0 0
121.55 0 0
121.65 0.00329 0.0032
121.75 0.00329 0.0032
121.85 0 0
121.95 0.00329 0
122.05 0.00329 0.0032
122.15 0 0
122.25 0 0
122.35 0 0
122.45 0 0
122.55 0.00329 0
122.65 0 0.01281
122.75 0.00329 0.00961
122.85 0.00658 0
122.95 0 0.0032
123.05 0.00658 0
123.15 0.00329 0
123.25 0.00329 0.01281
123.35 0.00987 0.0032
123.45 0.00658 0.00641
123.55 0.00658 0.00961
123.65 0.00987 0.00641
123.75 0.02304 0.00641
123.85 0 0.01281
123.95 0.00658 0.0032
124.05 0.01317 0.00641
124.15 0.00987 0.01922
124.25 0.02633 0.00961
124.35 0.02962 0.00961
124.45 0.02304 0.00961
124.55 0.03291 0.02242
124.65 0.0395 0.02242
124.75 0.01646 0.03203
124.85 0.02304 0.01922
124.95 0.02962 0.01601
125.05 0.02304 0.02562
125.15 0.02633 0.04164
125.25 0.0362 0.02562
125.35 0.02633 0.01922
125.45 0.01975 0.01922
125.55 0.03291 0.03843
125.65 0.02633 0.03203
125.75 0.01646 0.01922
125.85 0.02962 0.01601
125.95 0.01646 0.02882
126.05 0.00658 0.03843
126.15 0.02962 0.01281
126.25 0.01646 0.04804
126.35 0.00987 0.02242
126.45 0.01317 0.0032
126.55 0.01317 0.02242
126.65 0.01646 0.02562
126.75 0.01317 0.01281
126.85 0.0362 0.00961
126.95 0.00658 0.01922
127.05 0.00658 0.01281
127.15 0.00987 0.00961
127.25 0.00658 0.01922
127.35 0.00987 0.01601
127.45 0.00658 0.00961
127.55 0.01317 0.00641
127.65 0.00987 0.00641
127.75 0.01317 0.0032
127.85 0 0.00641
127.95 0.00329 0
128.05 0.00658 0.0032
128.15 0.00987 0.01281
128.25 0 0.01281
128.35 0.00658 0.01922
128.45 0.00987 0.00961
128.55 0.00658 0.01281
128.65 0 0.0032
128.75 0.01317 0.00641
128.85 0.00658 0
128.95 0.00329 0
129.05 0.00658 0.0032
129.15 0.00329 0
129.25 0.00658 0.0032
129.35 0 0.0032
129.45 0 0.00641
129.55 0.00329 0.0032
129.65 0.00329 0
129.75 0 0
129.85 0.00329 0.0032
129.95 0.00329 0
130.05 0.00329 0.00641
130.15 0 0
130.25 0 0
130.35 0.00329 0.0032
130.45 0.00987 0.0032
130.55 0 0.0032
130.65 0.00658 0
130.75 0.00658 0.01281
130.85 0 0.00641
130.95 0.00329 0
131.05 0.00329 0
131.15 0 0.00641
131.25 0 0
131.35 0.00329 0
131.45 0 0
131.55 0 0.00961
131.65 0 0
131.75 0.00329 0
131.85 0.00329 0
131.95 0.00329 0
132.05 0 0
132.15 0.00329 0
132.25 0 0
132.35 0 0
132.45 0 0
132.55 0 0
132.65 0 0
132.75 0 0
132.85 0 0
132.95 0.00329 0
133.05 0.00658 0
133.15 0 0
133.25 0.00329 0.0032
133.35 0 0
133.45 0.00329 0
133.55 0.00329 0
133.65 0 0.0032
133.75 0 0.00641
133.85 0.00658 0
133.95 0 0.0032
134.05 0 0
134.15 0.00329 0.0032
134.25 0.00329 0
134.35 0.00329 0
134.45 0 0.0032
134.55 0 0.0032
134.65 0.00329 0
134.75 0.00329 0.0032
134.85 0.00329 0
134.95 0 0.00961
135.05 0.00329 0
135.15 0.00329 0.0032
135.25 0 0
135.35 0.00658 0.00961
135.45 0.00987 0.00641
135.55 0.01317 0
135.65 0.00329 0.0032
135.75 0.00658 0.0032
135.85 0.01317 0
135.95 0.00658 0.00961
136.05 0.00987 0.00961
136.15 0.01317 0.01281
136.25 0.02304 0.01281
136.35 0.01646 0
136.45 0.00329 0.01281
136.55 0.02304 0.00961
136.65 0.00987 0.02882
136.75 0.00658 0.01281
136.85 0.00987 0.01922
136.95 0.02304 0.02882
137.05 0.01646 0.02882
137.15 0.01975 0.01922
137.25 0.02962 0.00641
137.35 0.0362 0.00641
137.45 0.01646 0.02882
137.55 0.02304 0.02242
137.65 0.05266 0.02242
137.75 0.01317 0.00641
137.85 0.01317 0.03523
137.95 0.02962 0.03843
138.05 0.02304 0.01601
138.15 0.01646 0.01281
138.25 0.02304 0.02882
138.35 0.03291 0.02562
138.45 0.01317 0.01601
138.55 0.01975 0.03203
138.65 0.01975 0.02562
138.75 0.01646 0.01281
138.85 0.01646 0.00641
138.95 0.00658 0.02242
139.05 0.01975 0.00961
139.15 0.00987 0.01922
139.25 0.01646 0.00961
139.35 0.00329 0.01601
139.45 0.02633 0.00961
139.55 0.00658 0.01922
139.65 0.02633 0.01601
139.75 0.01317 0.01601
139.85 0.00987 0.01601
139.95 0.01646 0.0032
140.05 0.00987 0.01281
140.15 0.01317 0.01601
140.25 0 0.01601
140.35 0.00658 0.01281
140.45 0.00329 0.0032
140.55 0.01317 0.02242
140.65 0.00987 0.00641
140.75 0 0.00641
140.85 0.00329 0.00961
140.95 0.00987 0.00961
141.05 0.00329 0.00641
141.15 0 0.00641
141.25 0 0.0032
141.35 0 0.00961
141.45 0.00329 0
141.55 0.00658 0.00641
141.65 0.00658 0.0032
141.75 0.00658 0.0032
141.85 0.00329 0
141.95 0.00329 0.0032
142.05 0 0.00641
142.15 0 0
142.25 0.00658 0
142.35 0.00329 0
142.45 0.00329 0.00961
142.55 0.00987 0.0032
142.65 0 0
142.75 0 0.0032
142.85 0.00658 0.0032
142.95 0 0
143.05 0.00987 0
143.15 0 0
143.25 0 0
143.35 0.00658 0.00641
143.45 0.00329 0
143.55 0 0
143.65 0.00329 0.0032
143.75 0 0
143.85 0.00658 0.0032
143.95 0 0
144.05 0.00329 0
144.15 0 0
144.25 0 0.0032
144.35 0.00329 0
144.45 0 0
144.55 0.00329 0
144.65 0 0.0032
144.75 0.00329 0
144.85 0 0
144.95 0 0
145.05 0 0
145.15 0.00329 0
145.25 0.00329 0.00641
145.35 0 0
145.45 0 0.0032
145.55 0 0.0032
145.65 0 0
145.75 0 0.0032
145.85 0.00658 0.00641
145.95 0.00329 0.00641
146.05 0 0.0032
146.15 0 0
146.25 0 0
146.35 0 0
146.45 0.00329 0.0032
146.55 0 0
146.65 0 0.0032
146.75 0 0.0032
146.85 0.00329 0
146.95 0 0.01281
147.05 0 0
147.15 0 0.0032
147.25 0.00329 0.0032
147.35 0 0
147.45 0.00329 0.00641
147.55 0 0
147.65 0 0
147.75 0.00658 0
147.85 0.00987 0.0032
147.95 0.00658 0
148.05 0.00329 0.00961
148.15 0.00658 0.00961
148.25 0.00329 0.00641
148.35 0.01317 0.0032
148.45 0.01317 0.01281
148.55 0.00329 0.00641
148.65 0.00987 0
148.75 0.00987 0.0032
148.85 0.00987 0.01601
148.95 0.02304 0.01281
149.05 0.01646 0.01281
149.15 0.02633 0.00961
149.25 0.02962 0.0032
149.35 0.01646 0.00961
149.45 0.01317 0.02562
149.55 0.02962 0.02242
149.65 0.0362 0.00641
149.75 0.0362 0.02242
149.85 0.04608 0.02882
149.95 0.00658 0.02242
150.05 0.02962 0.02882
150.15 0.02633 0.02242
150.25 0.02304 0.01281
150.35 0.03291 0.03203
150.45 0.02962 0.03843
150.55 0.02633 0.01281
150.65 0.01317 0.01922
150.75 0.02304 0.02242
150.85 0.02962 0.02882
150.95 0.01975 0.01922
151.05 0.02304 0.00641
151.15 0.01975 0.02242
151.25 0.02633 0.01601
151.35 0.01317 0.00641
151.45 0.00329 0.01281
151.55 0.01646 0.00961
151.65 0.01646 0.02882
151.75 0.00329 0.01922
151.85 0.00987 0.01922
151.95 0.00329 0.00961
152.05 0.01646 0.00641
152.15 0.00987 0.01922
152.25 0.01646 0.01601
152.35 0.00987 0.01922
152.45 0.00658 0.0032
152.55 0.00658 0.01601
152.65 0.00987 0.01281
152.75 0.00987 0.00641
152.85 0.01646 0.00961
152.95 0.01317 0.00961
153.05 0.00987 0.00961
153.15 0.00658 0.0032
153.25 0 0.00641
153.35 0.00658 0.0032
153.45 0.00658 0.0032
153.55 0.00329 0.0032
153.65 0 0.0032
153.75 0.00329 0.0032
153.85 0 0.0032
153.95 0.00658 0.01281
154.05 0 0.0032
154.15 0.00329 0
154.25 0 0.00641
154.35 0.01317 0.0032
154.45 0.00987 0
154.55 0.00329 0.0032
154.65 0 0.00641
154.75 0.00329 0.0032
154.85 0.00658 0.00961
154.95 0.00329 0.00641
155.05 0.00658 0.0032
155.15 0.00329 0.00641
155.25 0.00329 0
155.35 0.00329 0.00641
155.45 0 0.00641
155.55 0.00329 0
155.65 0.00658 0
155.75 0 0
155.85 0.00658 0.0032
155.95 0 0.0032
156.05 0.00329 0
156.15 0.00658 0.0032
156.25 0 0
156.35 0 0.0032
156.45 0 0
156.55 0.00329 0
156.65 0 0
156.75 0 0
156.85 0 0
156.95 0 0
157.05 0 0
157.15 0 0.00641
157.25 0 0
157.35 0 0
157.45 0 0
157.55 0 0
157.65 0.00329 0.0032
157.75 0 0
157.85 0.00329 0
157.95 0 0
158.05 0 0
158.15 0 0.0032
158.25 0 0
158.35 0 0
158.45 0 0
158.55 0.00329 0
158.65 0.00329 0.0032
158.75 0 0
158.85 0 0.0032
158.95 0.00987 0
159.05 0 0
159.15 0 0
159.25 0 0.0032
159.35 0 0
159.45 0.00987 0.0032
159.55 0 0
159.65 0 0
159.75 0.00329 0
159.85 0 0.0032
159.95 0.00658 0
160.05 0.00329 0
160.15 0.00329 0
160.25 0.00987 0.00641
160.35 0.00658 0
160.45 0.01317 0
160.55 0.00658 0
160.65 0.00658 0
160.75 0.00329 0.00641
160.85 0.00658 0.01281
160.95 0.00329 0.00961
161.05 0.00658 0.00961
161.15 0.00987 0.0032
161.25 0.01317 0.00961
161.35 0.01317 0.00641
161.45 0.02304 0.01601
161.55 0.01975 0.01281
161.65 0.01646 0.00961
161.75 0.02962 0.01601
161.85 0.01317 0.02242
161.95 0.01975 0.02882
162.05 0.01975 0.01601
162.15 0.0395 0.01601
162.25 0.00987 0.02562
162.35 0.01317 0.01601
162.45 0.02304 0.01922
162.55 0.01646 0.02242