-162.55000 1.20742 0.41168
-162.45000 0.80486 0.61730
-162.35000 0.56348 0.41168
-162.25000 0.80486 0.48022
-162.15000 0.48302 0.61730
-162.05000 0.40255 0.34292
-161.95000 0.56348 0.41168
-161.85000 0.72440 0.54876
-161.75000 0.48302 0.48022
-161.65000 0.40255 0.68606
-161.55000 0.32209 0.82314
-161.45000 0.48302 0.13730
-161.35000 0.72440 0.34292
-161.25000 0.32209 0.41168
-161.15000 0.16092 0.54876
-161.05000 0.40255 0.34292
-160.95000 0.48302 0.20584
-160.85000 0.16092 0.27438
-160.75000 0.40255 0.48022
-160.65000 0.24139 0.41168
-160.55000 0.24139 0.48022
-160.45000 0.16092 0.41168
-160.35000 0.24139 0.27438
-160.25000 0.24139 0.00000
-160.15000 0.24139 0.20584
-160.05000 0.24139 0.20584
-159.95000 0.16092 0.34292
-159.85000 0.24139 0.20584
-159.75000 0.16092 0.34292
-159.65000 0.32209 0.06854
-159.55000 0.08046 0.06854
-159.45000 0.24139 0.20584
-159.35000 0.08046 0.00000
-159.25000 0.00000 0.20584
-159.15000 0.16092 0.00000
-159.05000 0.24139 0.00000
-158.95000 0.00000 0.06854
-158.85000 0.16092 0.13730
-158.75000 0.08046 0.00000
-158.65000 0.16092 0.06854
-158.55000 0.08046 0.00000
-158.45000 0.08046 0.13730
-158.35000 0.08046 0.20584
-158.25000 0.00000 0.06854
-158.15000 0.24139 0.06854
-158.05000 0.08046 0.00000
-157.95000 0.00000 0.06854
-157.85000 0.08046 0.00000
-157.75000 0.40255 0.06854
-157.65000 0.08046 0.13730
-157.55000 0.00000 0.00000
-157.45000 0.00000 0.06854
-157.35000 0.00000 0.00000
-157.25000 0.16092 0.00000
-157.15000 0.08046 0.00000
-157.05000 0.00000 0.00000
-156.95000 0.00000 0.00000
-156.85000 0.00000 0.00000
-156.75000 0.00000 0.13730
-156.65000 0.00000 0.00000
-156.55000 0.00000 0.00000
-156.45000 0.00000 0.00000
-156.35000 0.08046 0.00000
-156.25000 0.00000 0.00000
-156.15000 0.00000 0.13730
-156.05000 0.08046 0.00000
-155.95000 0.00000 0.06854
-155.85000 0.00000 0.00000
-155.75000 0.16092 0.00000
-155.65000 0.00000 0.00000
-155.55000 0.00000 0.06854
-155.45000 0.00000 0.06854
-155.35000 0.00000 0.06854
-155.25000 0.00000 0.00000
-155.15000 0.24139 0.00000
-155.05000 0.00000 0.06854
-154.95000 0.08046 0.00000
-154.85000 0.00000 0.00000
-154.75000 0.00000 0.00000
-154.65000 0.00000 0.00000
-154.55000 0.00000 0.00000
-154.45000 0.00000 0.00000
-154.35000 0.00000 0.06854
-154.25000 0.00000 0.00000
-154.15000 0.08046 0.06854
-154.05000 0.00000 0.00000
-153.95000 0.08046 0.00000
-153.85000 0.00000 0.00000
-153.75000 0.00000 0.13730
-153.65000 0.00000 0.00000
-153.55000 0.08046 0.00000
-153.45000 0.08046 0.06854
-153.35000 0.08046 0.06854
-153.25000 0.32209 0.06854
-153.15000 0.00000 0.00000
-153.05000 0.08046 0.00000
-152.95000 0.24139 0.06854
-152.85000 0.00000 0.06854
-152.75000 0.00000 0.13730
-152.65000 0.08046 0.06854
-152.55000 0.00000 0.00000
-152.45000 0.00000 0.06854
-152.35000 0.08046 0.00000
-152.25000 0.00000 0.20584
-152.15000 0.08046 0.20584
-152.05000 0.24139 0.06854
-151.95000 0.24139 0.06854
-151.85000 0.08046 0.06854
-151.75000 0.24139 0.13730
-151.65000 0.08046 0.06854
-151.55000 0.32209 0.00000
-151.45000 0.24139 0.06854
-151.35000 0.24139 0.20584
-151.25000 0.08046 0.20584
-151.15000 0.32209 0.20584
-151.05000 0.24139 0.20584
-150.95000 0.48302 0.27438
-150.85000 0.48302 0.27438
-150.75000 0.48302 0.20584
-150.65000 0.56348 0.27438
-150.55000 0.32209 0.20584
-150.45000 0.56348 0.54876
-150.35000 0.80486 0.54876
-150.25000 0.56348 0.61730
-150.15000 0.56348 0.54876
-150.05000 0.40255 0.27438
-149.95000 0.64394 0.89190
-149.85000 0.56348 0.68606
-149.75000 0.56348 0.41168
-149.65000 0.64394 0.89190
-149.55000 0.16092 0.75460
-149.45000 0.64394 0.61730
-149.35000 0.72440 0.41168
-149.25000 0.24139 0.41168
-149.15000 0.32209 0.82314
-149.05000 0.24139 0.48022
-148.95000 0.64394 0.41168
-148.85000 0.40255 0.41168
-148.75000 0.24139 0.61730
-148.65000 0.24139 0.48022
-148.55000 0.40255 0.41168
-148.45000 0.56348 0.48022
-148.35000 0.00000 0.34292
-148.25000 0.24139 0.48022
-148.15000 0.64394 0.27438
-148.05000 0.16092 0.13730
-147.95000 0.08046 0.34292
-147.85000 0.16092 0.27438
-147.75000 0.24139 0.61730
-147.65000 0.32209 0.13730
-147.55000 0.08046 0.13730
-147.45000 0.40255 0.06854
-147.35000 0.32209 0.20584
-147.25000 0.32209 0.27438
-147.15000 0.08046 0.34292
-147.05000 0.16092 0.13730
-146.95000 0.16092 0.27438
-146.85000 0.08046 0.06854
-146.75000 0.08046 0.06854
-146.65000 0.08046 0.06854
-146.55000 0.00000 0.00000
-146.45000 0.08046 0.06854
-146.35000 0.08046 0.27438
-146.25000 0.08046 0.20584
-146.15000 0.00000 0.20584
-146.05000 0.08046 0.00000
-145.95000 0.00000 0.00000
-145.85000 0.32209 0.20584
-145.75000 0.00000 0.06854
-145.65000 0.08046 0.20584
-145.55000 0.24139 0.27438
-145.45000 0.08046 0.06854
-145.35000 0.08046 0.06854
-145.25000 0.32209 0.13730
-145.15000 0.24139 0.06854
-145.05000 0.08046 0.00000
-144.95000 0.00000 0.13730
-144.85000 0.16092 0.06854
-144.75000 0.00000 0.13730
-144.65000 0.08046 0.06854
-144.55000 0.08046 0.06854
-144.45000 0.08046 0.06854
-144.35000 0.00000 0.00000
-144.25000 0.00000 0.06854
-144.15000 0.00000 0.00000
-144.05000 0.00000 0.00000
-143.95000 0.00000 0.00000
-143.85000 0.00000 0.06854
-143.75000 0.00000 0.00000
-143.65000 0.00000 0.00000
-143.55000 0.08046 0.06854
-143.45000 0.08046 0.06854
-143.35000 0.00000 0.00000
-143.25000 0.00000 0.00000
-143.15000 0.08046 0.00000
-143.05000 0.00000 0.13730
-142.95000 0.08046 0.00000
-142.85000 0.00000 0.00000
-142.75000 0.08046 0.00000
-142.65000 0.00000 0.06854
-142.55000 0.08046 0.00000
-142.45000 0.00000 0.00000
-142.35000 0.00000 0.00000
-142.25000 0.00000 0.00000
-142.15000 0.00000 0.00000
-142.05000 0.16092 0.00000
-141.95000 0.00000 0.13730
-141.85000 0.08046 0.06854
-141.75000 0.00000 0.00000
-141.65000 0.16092 0.00000
-141.55000 0.00000 0.00000
-141.45000 0.08046 0.00000
-141.35000 0.00000 0.00000
-141.25000 0.08046 0.06854
-141.15000 0.16092 0.06854
-141.05000 0.00000 0.06854
-140.95000 0.08046 0.13730
-140.85000 0.00000 0.00000
-140.75000 0.08046 0.00000
-140.65000 0.00000 0.00000
-140.55000 0.32209 0.20584
-140.45000 0.08046 0.00000
-140.35000 0.00000 0.06854
-140.25000 0.08046 0.00000
-140.15000 0.08046 0.00000
-140.05000 0.00000 0.00000
-139.95000 0.00000 0.00000
-139.85000 0.00000 0.00000
-139.75000 0.16092 0.06854
-139.65000 0.16092 0.00000
-139.55000 0.00000 0.00000
-139.45000 0.16092 0.13730
-139.35000 0.32209 0.20584
-139.25000 0.40255 0.13730
-139.15000 0.00000 0.20584
-139.05000 0.32209 0.34292
-138.95000 0.16092 0.27438
-138.85000 0.08046 0.27438
-138.75000 0.16092 0.13730
-138.65000 0.48302 0.27438
-138.55000 0.32209 0.27438
-138.45000 0.32209 0.13730
-138.35000 0.32209 0.34292
-138.25000 0.48302 0.41168
-138.15000 0.64394 0.54876
-138.05000 0.56348 0.48022
-137.95000 0.48302 0.48022
-137.85000 0.72440 0.61730
-137.75000 0.48302 0.41168
-137.65000 0.56348 0.61730
-137.55000 0.56348 0.41168
-137.45000 1.12696 0.61730
-137.35000 0.56348 0.54876
-137.25000 0.48302 0.48022
-137.15000 0.88533 0.48022
-137.05000 0.72440 1.02898
-136.95000 0.64394 0.48022
-136.85000 0.40255 0.48022
-136.75000 0.64394 0.34292
-136.65000 0.56348 0.34292
-136.55000 0.32209 0.27438
-136.45000 0.32209 0.41168
-136.35000 0.64394 0.41168
-136.25000 0.08046 0.68606
-136.15000 0.32209 0.68606
-136.05000 0.64394 0.34292
-135.95000 0.56348 0.34292
-135.85000 0.24139 0.06854
-135.75000 0.40255 0.34292
-135.65000 0.40255 0.54876
-135.55000 0.08046 0.27438
-135.45000 0.48302 0.20584
-135.35000 0.32209 0.34292
-135.25000 0.00000 0.20584
-135.15000 0.24139 0.41168
-135.05000 0.16092 0.13730
-134.95000 0.40255 0.06854
-134.85000 0.24139 0.20584
-134.75000 0.32209 0.20584
-134.65000 0.16092 0.13730
-134.55000 0.24139 0.20584
-134.45000 0.40255 0.00000
-134.35000 0.32209 0.00000
-134.25000 0.08046 0.13730
-134.15000 0.08046 0.06854
-134.05000 0.00000 0.13730
-133.95000 0.32209 0.13730
-133.85000 0.00000 0.13730
-133.75000 0.16092 0.06854
-133.65000 0.16092 0.13730
-133.55000 0.24139 0.20584
-133.45000 0.08046 0.06854
-133.35000 0.08046 0.00000
-133.25000 0.16092 0.06854
-133.15000 0.00000 0.00000
-133.05000 0.08046 0.06854
-132.95000 0.00000 0.06854
-132.85000 0.16092 0.06854
-132.75000 0.00000 0.06854
-132.65000 0.24139 0.06854
-132.55000 0.08046 0.13730
-132.45000 0.08046 0.00000
-132.35000 0.00000 0.00000
-132.25000 0.00000 0.06854
-132.15000 0.00000 0.06854
-132.05000 0.08046 0.00000
-131.95000 0.00000 0.00000
-131.85000 0.00000 0.06854
-131.75000 0.00000 0.00000
-131.65000 0.00000 0.13730
-131.55000 0.00000 0.00000
-131.45000 0.08046 0.06854
-131.35000 0.00000 0.06854
-131.25000 0.00000 0.06854
-131.15000 0.00000 0.00000
-131.05000 0.00000 0.00000
-130.95000 0.16092 0.00000
-130.85000 0.00000 0.06854
-130.75000 0.08046 0.00000
-130.65000 0.00000 0.00000
-130.55000 0.08046 0.00000
-130.45000 0.00000 0.00000
-130.35000 0.00000 0.00000
-130.25000 0.00000 0.00000
-130.15000 0.00000 0.00000
-130.05000 0.00000 0.06854
-129.95000 0.00000 0.00000
-129.85000 0.00000 0.00000
-129.75000 0.00000 0.06854
-129.65000 0.00000 0.00000
-129.55000 0.00000 0.00000
-129.45000 0.08046 0.00000
-129.35000 0.00000 0.06854
-129.25000 0.00000 0.00000
-129.15000 0.00000 0.00000
-129.05000 0.00000 0.06854
-128.95000 0.00000 0.00000
-128.85000 0.00000 0.06854
-128.75000 0.08046 0.00000
-128.65000 0.08046 0.13730
-128.55000 0.00000 0.06854
-128.45000 0.08046 0.20584
-128.35000 0.00000 0.06854
-128.25000 0.08046 0.00000
-128.15000 0.00000 0.06854
-128.05000 0.08046 0.13730
-127.95000 0.00000 0.06854
-127.85000 0.08046 0.13730
-127.75000 0.08046 0.06854
-127.65000 0.08046 0.06854
-127.55000 0.08046 0.06854
-127.45000 0.24139 0.00000
-127.35000 0.16092 0.00000
-127.25000 0.24139 0.00000
-127.15000 0.08046 0.06854
-127.05000 0.08046 0.20584
-126.95000 0.16092 0.00000
-126.85000 0.00000 0.27438
-126.75000 0.00000 0.13730
-126.65000 0.24139 0.13730
-126.55000 0.00000 0.34292
-126.45000 0.48302 0.27438
-126.35000 0.32209 0.34292
-126.25000 0.24139 0.27438
-126.15000 0.48302 0.54876
-126.05000 0.56348 0.13730
-125.95000 0.16092 0.54876
-125.85000 0.40255 0.27438
-125.75000 0.48302 0.54876
-125.65000 0.56348 0.20584
-125.55000 0.48302 0.41168
-125.45000 0.72440 0.34292
-125.35000 0.40255 0.41168
-125.25000 0.80486 0.41168
-125.15000 0.48302 0.54876
-125.05000 0.48302 0.34292
-124.95000 0.32209 0.61730
-124.85000 0.48302 0.20584
-124.75000 0.88533 0.61730
-124.65000 0.72440 0.34292
-124.55000 0.48302 0.54876
-124.45000 1.36834 0.34292
-124.35000 0.64394 0.41168
-124.25000 0.80486 0.54876
-124.15000 0.64394 0.54876
-124.05000 0.48302 0.41168
-123.95000 0.24139 0.75460
-123.85000 0.88533 0.41168
-123.75000 0.64394 0.41168
-123.65000 0.24139 0.54876
-123.55000 0.40255 0.20584
-123.45000 0.16092 0.27438
-123.35000 0.56348 0.34292
-123.25000 0.24139 0.48022
-123.15000 0.56348 0.20584
-123.05000 0.32209 0.48022
-122.95000 0.40255 0.27438
-122.85000 0.16092 0.27438
-122.75000 0.40255 0.20584
-122.65000 0.24139 0.27438
-122.55000 0.24139 0.41168
-122.45000 0.16092 0.20584
-122.35000 0.32209 0.20584
-122.25000 0.16092 0.20584
-122.15000 0.00000 0.13730
-122.05000 0.08046 0.41168
-121.95000 0.24139 0.20584
-121.85000 0.16092 0.27438
-121.75000 0.00000 0.20584
-121.65000 0.16092 0.00000
-121.55000 0.16092 0.06854
-121.45000 0.24139 0.00000
-121.35000 0.48302 0.13730
-121.25000 0.08046 0.00000
-121.15000 0.00000 0.13730
-121.05000 0.16092 0.06854
-120.95000 0.24139 0.06854
-120.85000 0.08046 0.13730
-120.75000 0.00000 0.20584
-120.65000 0.24139 0.13730
-120.55000 0.08046 0.27438
-120.45000 0.24139 0.13730
-120.35000 0.08046 0.34292
-120.25000 0.00000 0.00000
-120.15000 0.00000 0.00000
-120.05000 0.08046 0.00000
-119.95000 0.16092 0.00000
-119.85000 0.08046 0.13730
-119.75000 0.00000 0.00000
-119.65000 0.08046 0.06854
-119.55000 0.00000 0.00000
-119.45000 0.08046 0.20584
-119.35000 0.16092 0.13730
-119.25000 0.08046 0.00000
-119.15000 0.16092 0.00000
-119.05000 0.08046 0.00000
-118.95000 0.00000 0.00000
-118.85000 0.16092 0.00000
-118.75000 0.08046 0.06854
-118.65000 0.00000 0.00000
-118.55000 0.08046 0.00000
-118.45000 0.00000 0.00000
-118.35000 0.00000 0.00000
-118.25000 0.00000 0.00000
-118.15000 0.08046 0.00000
-118.05000 0.00000 0.00000
-117.95000 0.00000 0.06854
-117.85000 0.08046 0.00000
-117.75000 0.00000 0.06854
-117.65000 0.00000 0.06854
-117.55000 0.00000 0.06854
-117.45000 0.00000 0.06854
-117.35000 0.00000 0.00000
-117.25000 0.08046 0.06854
-117.15000 0.16092 0.06854
-117.05000 0.00000 0.00000
-116.95000 0.00000 0.00000
-116.85000 0.00000 0.13730
-116.75000 0.08046 0.00000
-116.65000 0.08046 0.00000
-116.55000 0.00000 0.00000
-116.45000 0.00000 0.06854
-116.35000 0.08046 0.06854
-116.25000 0.08046 0.00000
-116.15000 0.08046 0.00000
-116.05000 0.08046 0.00000
-115.95000 0.00000 0.00000
-115.85000 0.16092 0.00000
-115.75000 0.16092 0.06854
-115.65000 0.00000 0.06854
-115.55000 0.00000 0.13730
-115.45000 0.08046 0.06854
-115.35000 0.00000 0.06854
-115.25000 0.00000 0.00000
-115.15000 0.16092 0.06854
-115.05000 0.16092 0.00000
-114.95000 0.00000 0.13730
-114.85000 0.24139 0.06854
-114.75000 0.08046 0.06854
-114.65000 0.08046 0.13730
-114.55000 0.16092 0.20584
-114.45000 0.00000 0.13730
-114.35000 0.16092 0.20584
-114.25000 0.00000 0.06854
-114.15000 0.32209 0.13730
-114.05000 0.16092 0.48022
-113.95000 0.24139 0.27438
-113.85000 0.16092 0.20584
-113.75000 0.32209 0.13730
-113.65000 0.72440 0.48022
-113.55000 0.08046 0.13730
-113.45000 0.32209 0.20584
-113.35000 0.32209 0.13730
-113.25000 0.40255 0.34292
-113.15000 0.40255 0.34292
-113.05000 0.40255 0.68606
-112.95000 0.40255 0.27438
-112.85000 0.56348 0.06854
-112.75000 0.64394 0.61730
-112.65000 0.56348 0.41168
-112.55000 0.32209 0.61730
-112.45000 1.12696 0.54876
-112.35000 0.72440 0.54876
-112.25000 0.48302 0.75460
-112.15000 0.32209 0.34292
-112.05000 0.48302 0.48022
-111.95000 0.40255 0.61730
-111.85000 0.32209 0.68606
-111.75000 0.48302 0.61730
-111.65000 0.64394 0.41168
-111.55000 0.88533 0.75460
-111.45000 0.24139 0.75460
-111.35000 0.80486 0.61730
-111.25000 0.72440 0.34292
-111.15000 0.72440 0.27438
-111.05000 0.24139 0.34292
-110.95000 0.32209 0.06854
-110.85000 0.08046 0.54876
-110.75000 0.48302 0.27438
-110.65000 0.48302 0.06854
-110.55000 0.56348 0.34292
-110.45000 0.16092 0.20584
-110.35000 0.08046 0.13730
-110.25000 0.24139 0.41168
-110.15000 0.40255 0.34292
-110.05000 0.16092 0.41168
-109.95000 0.08046 0.34292
-109.85000 0.24139 0.13730
-109.75000 0.24139 0.13730
-109.65000 0.00000 0.13730
-109.55000 0.16092 0.06854
-109.45000 0.08046 0.13730
-109.35000 0.00000 0.20584
-109.25000 0.08046 0.48022
-109.15000 0.32209 0.13730
-109.05000 0.08046 0.00000
-108.95000 0.08046 0.13730
-108.85000 0.40255 0.06854
-108.75000 0.08046 0.06854
-108.65000 0.00000 0.13730
-108.55000 0.08046 0.00000
-108.45000 0.08046 0.06854
-108.35000 0.08046 0.20584
-108.25000 0.08046 0.20584
-108.15000 0.16092 0.06854
-108.05000 0.00000 0.00000
-107.95000 0.08046 0.06854
-107.85000 0.00000 0.06854
-107.75000 0.16092 0.13730
-107.65000 0.08046 0.13730
-107.55000 0.00000 0.00000
-107.45000 0.00000 0.06854
-107.35000 0.00000 0.00000
-107.25000 0.08046 0.06854
-107.15000 0.00000 0.06854
-107.05000 0.00000 0.13730
-106.95000 0.00000 0.13730
-106.85000 0.00000 0.00000
-106.75000 0.00000 0.00000
-106.65000 0.00000 0.00000
-106.55000 0.00000 0.00000
-106.45000 0.00000 0.00000
-106.35000 0.08046 0.13730
-106.25000 0.08046 0.00000
-106.15000 0.00000 0.00000
-106.05000 0.08046 0.00000
-105.95000 0.00000 0.00000
-105.85000 0.16092 0.00000
-105.75000 0.00000 0.00000
-105.65000 0.08046 0.00000
-105.55000 0.08046 0.06854
-105.45000 0.00000 0.00000
-105.35000 0.00000 0.00000
-105.25000 0.00000 0.00000
-105.15000 0.00000 0.06854
-105.05000 0.08046 0.00000
-104.95000 0.08046 0.06854
-104.85000 0.00000 0.00000
-104.75000 0.00000 0.00000
-104.65000 0.00000 0.06854
-104.55000 0.00000 0.00000
-104.45000 0.00000 0.00000
-104.35000 0.08046 0.00000
-104.25000 0.16092 0.06854
-104.15000 0.00000 0.06854
-104.05000 0.00000 0.00000
-103.95000 0.00000 0.06854
-103.85000 0.08046 0.00000
-103.75000 0.00000 0.00000
-103.65000 0.00000 0.06854
-103.55000 0.16092 0.00000
-103.45000 0.00000 0.06854
-103.35000 0.08046 0.00000
-103.25000 0.00000 0.00000
-103.15000 0.08046 0.06854
-103.05000 0.00000 0.00000
-102.95000 0.08046 0.06854
-102.85000 0.00000 0.06854
-102.75000 0.00000 0.00000
-102.65000 0.00000 0.00000
-102.55000 0.16092 0.00000
-102.45000 0.00000 0.13730
-102.35000 0.00000 0.06854
-102.25000 0.00000 0.06854
-102.15000 0.16092 0.06854
-102.05000 0.16092 0.06854
-101.95000 0.08046 0.20584
-101.85000 0.24139 0.06854
-101.75000 0.40255 0.13730
-101.65000 0.32209 0.06854
-101.55000 0.00000 0.20584
-101.45000 0.24139 0.00000
-101.35000 0.16092 0.27438
-101.25000 0.32209 0.27438
-101.15000 0.40255 0.27438
-101.05000 0.56348 0.34292
-100.95000 0.40255 0.06854
-100.85000 0.32209 0.41168
-100.75000 0.32209 0.41168
-100.65000 0.32209 0.27438
-100.55000 0.56348 0.27438
-100.45000 0.56348 0.48022
-100.35000 0.48302 0.13730
-100.25000 0.64394 0.82314
-100.15000 0.88533 0.06854
-100.05000 0.56348 0.34292
-99.95000 0.96603 0.61730
-99.85000 0.56348 0.61730
-99.75000 0.56348 0.61730
-99.65000 0.40255 0.61730
-99.55000 0.72440 0.48022
-99.45000 0.64394 0.96044
-99.35000 0.80486 0.61730
-99.25000 0.72440 0.54876
-99.15000 0.40255 0.34292
-99.05000 0.56348 0.41168
-98.95000 0.32209 0.20584
-98.85000 0.16092 0.34292
-98.75000 0.16092 0.41168
-98.65000 0.48302 0.20584
-98.55000 0.56348 0.13730
-98.45000 0.32209 0.13730
-98.35000 0.80486 0.61730
-98.25000 0.24139 0.48022
-98.15000 0.16092 0.06854
-98.05000 0.24139 0.20584
-97.95000 0.16092 0.41168
-97.85000 0.40255 0.34292
-97.75000 0.24139 0.41168
-97.65000 0.32209 0.34292
-97.55000 0.24139 0.20584
-97.45000 0.08046 0.20584
-97.35000 0.16092 0.13730
-97.25000 0.08046 0.06854
-97.15000 0.24139 0.34292
-97.05000 0.24139 0.00000
-96.95000 0.00000 0.13730
-96.85000 0.32209 0.06854
-96.75000 0.16092 0.20584
-96.65000 0.08046 0.13730
-96.55000 0.16092 0.13730
-96.45000 0.16092 0.34292
-96.35000 0.00000 0.00000
-96.25000 0.08046 0.20584
-96.15000 0.16092 0.13730
-96.05000 0.48302 0.06854
-95.95000 0.00000 0.06854
-95.85000 0.00000 0.13730
-95.75000 0.08046 0.00000
-95.65000 0.00000 0.00000
-95.55000 0.00000 0.20584
-95.45000 0.08046 0.00000
-95.35000 0.00000 0.20584
-95.25000 0.00000 0.00000
-95.15000 0.16092 0.00000
-95.05000 0.00000 0.06854
-94.95000 0.16092 0.13730
-94.85000 0.16092 0.13730
-94.75000 0.08046 0.00000
-94.65000 0.08046 0.06854
-94.55000 0.08046 0.06854
-94.45000 0.08046 0.00000
-94.35000 0.08046 0.06854
-94.25000 0.08046 0.13730
-94.15000 0.16092 0.06854
-94.05000 0.16092 0.06854
-93.95000 0.00000 0.06854
-93.85000 0.00000 0.00000
-93.75000 0.08046 0.06854
-93.65000 0.00000 0.00000
-93.55000 0.00000 0.00000
-93.45000 0.00000 0.06854
-93.35000 0.00000 0.00000
-93.25000 0.00000 0.00000
-93.15000 0.00000 0.00000
-93.05000 0.08046 0.06854
-92.95000 0.08046 0.06854
-92.85000 0.00000 0.00000
-92.75000 0.00000 0.06854
-92.65000 0.00000 0.00000
-92.55000 0.00000 0.00000
-92.45000 0.00000 0.00000
-92.35000 0.00000 0.00000
-92.25000 0.00000 0.06854
-92.15000 0.08046 0.00000
-92.05000 0.00000 0.00000
-91.95000 0.00000 0.20584
-91.85000 0.00000 0.00000
-91.75000 0.00000 0.06854
-91.65000 0.00000 0.00000
-91.55000 0.16092 0.00000
-91.45000 0.24139 0.06854
-91.35000 0.08046 0.00000
-91.25000 0.00000 0.00000
-91.15000 0.00000 0.00000
-91.05000 0.08046 0.00000
-90.95000 0.16092 0.00000
-90.85000 0.08046 0.00000
-90.75000 0.00000 0.06854
-90.65000 0.00000 0.00000
-90.55000 0.08046 0.00000
-90.45000 0.00000 0.00000
-90.35000 0.00000 0.13730
-90.25000 0.00000 0.00000
-90.15000 0.00000 0.06854
-90.05000 0.00000 0.06854
-89.95000 0.08046 0.06854
-89.85000 0.16092 0.13730
-89.75000 0.16092 0.06854
-89.65000 0.00000 0.06854
-89.55000 0.48302 0.06854
-89.45000 0.00000 0.00000
-89.35000 0.16092 0.00000
-89.25000 0.08046 0.06854
-89.15000 0.24139 0.20584
-89.05000 0.24139 0.00000
-88.95000 0.16092 0.20584
-88.85000 0.16092 0.13730
-88.75000 0.48302 0.41168
-88.65000 0.24139 0.13730
-88.55000 0.56348 0.00000
-88.45000 0.56348 0.27438
-88.35000 0.24139 0.13730
-88.25000 0.16092 0.34292
-88.15000 0.64394 0.41168
-88.05000 0.48302 0.34292
-87.95000 0.64394 0.06854
-87.85000 0.24139 0.61730
-87.75000 0.72440 0.61730
-87.65000 0.72440 0.82314
-87.55000 0.88533 0.54876
-87.45000 0.96603 0.61730
-87.35000 0.56348 0.27438
-87.25000 0.48302 0.48022
-87.15000 0.16092 0.54876
-87.05000 0.48302 0.13730
-86.95000 0.96603 0.61730
-86.85000 0.88533 0.48022
-86.75000 0.24139 0.34292
-86.65000 0.40255 0.27438
-86.55000 0.16092 0.34292
-86.45000 0.64394 0.54876
-86.35000 0.56348 0.68606
-86.25000 0.56348 0.41168
-86.15000 0.24139 0.41168
-86.05000 0.56348 0.61730
-85.95000 0.40255 0.61730
-85.85000 0.24139 0.48022
-85.75000 0.48302 0.41168
-85.65000 0.24139 0.13730
-85.55000 0.24139 0.20584
-85.45000 0.32209 0.20584
-85.35000 0.48302 0.13730
-85.25000 0.24139 0.48022
-85.15000 0.16092 0.06854
-85.05000 0.08046 0.34292
-84.95000 0.24139 0.48022
-84.85000 0.08046 0.06854
-84.75000 0.32209 0.34292
-84.65000 0.00000 0.06854
-84.55000 0.16092 0.13730
-84.45000 0.48302 0.06854
-84.35000 0.16092 0.06854
-84.25000 0.24139 0.06854
-84.15000 0.08046 0.06854
-84.05000 0.08046 0.20584
-83.95000 0.08046 0.00000
-83.85000 0.00000 0.00000
-83.75000 0.32209 0.13730
-83.65000 0.08046 0.06854
-83.55000 0.16092 0.20584
-83.45000 0.16092 0.06854
-83.35000 0.16092 0.06854
-83.25000 0.16092 0.06854
-83.15000 0.00000 0.00000
-83.05000 0.00000 0.00000
-82.95000 0.00000 0.13730
-82.85000 0.24139 0.06854
-82.75000 0.00000 0.00000
-82.65000 0.00000 0.13730
-82.55000 0.00000 0.00000
-82.45000 0.00000 0.00000
-82.35000 0.08046 0.06854
-82.25000 0.16092 0.00000
-82.15000 0.00000 0.06854
-82.05000 0.00000 0.00000
-81.95000 0.08046 0.00000
-81.85000 0.00000 0.00000
-81.75000 0.08046 0.00000
-81.65000 0.00000 0.06854
-81.55000 0.00000 0.06854
-81.45000 0.00000 0.06854
-81.35000 0.08046 0.00000
-81.25000 0.08046 0.06854
-81.15000 0.08046 0.13730
-81.05000 0.00000 0.00000
-80.95000 0.08046 0.06854
-80.85000 0.00000 0.00000
-80.75000 0.00000 0.00000
-80.65000 0.00000 0.00000
-80.55000 0.08046 0.00000
-80.45000 0.00000 0.00000
-80.35000 0.00000 0.00000
-80.25000 0.08046 0.00000
-80.15000 0.00000 0.00000
-80.05000 0.00000 0.00000
-79.95000 0.00000 0.06854
-79.85000 0.08046 0.13730
-79.75000 0.00000 0.00000
-79.65000 0.00000 0.00000
-79.55000 0.08046 0.00000
-79.45000 0.08046 0.00000
-79.35000 0.08046 0.00000
-79.25000 0.00000 0.00000
-79.15000 0.24139 0.06854
-79.05000 0.00000 0.00000
-78.95000 0.00000 0.06854
-78.85000 0.08046 0.00000
-78.75000 0.08046 0.00000
-78.65000 0.00000 0.00000
-78.55000 0.08046 0.00000
-78.45000 0.08046 0.00000
-78.35000 0.00000 0.13730
-78.25000 0.00000 0.00000
-78.15000 0.00000 0.13730
-78.05000 0.08046 0.00000
-77.95000 0.00000 0.00000
-77.85000 0.08046 0.00000
-77.75000 0.00000 0.00000
-77.65000 0.16092 0.13730
-77.55000 0.24139 0.00000
-77.45000 0.00000 0.13730
-77.35000 0.16092 0.00000
-77.25000 0.08046 0.13730
-77.15000 0.00000 0.00000
-77.05000 0.24139 0.00000
-76.95000 0.00000 0.00000
-76.85000 0.24139 0.20584
-76.75000 0.24139 0.20584
-76.65000 0.40255 0.34292
-76.55000 0.08046 0.13730
-76.45000 0.08046 0.34292
-76.35000 0.00000 0.13730
-76.25000 0.48302 0.20584
-76.15000 0.08046 0.41168
-76.05000 0.48302 0.20584
-75.95000 0.32209 0.34292
-75.85000 0.64394 0.20584
-75.75000 0.08046 0.34292
-75.65000 0.40255 0.27438
-75.55000 0.40255 0.41168
-75.45000 0.40255 0.54876
-75.35000 0.64394 0.34292
-75.25000 0.88533 0.20584
-75.15000 0.96603 0.54876
-75.05000 0.64394 0.54876
-74.95000 0.40255 0.48022
-74.85000 0.88533 0.61730
-74.75000 0.64394 0.20584
-74.65000 0.40255 0.61730
-74.55000 0.72440 0.54876
-74.45000 0.56348 0.48022
-74.35000 0.64394 0.41168
-74.25000 0.40255 0.41168
-74.15000 0.48302 0.34292
-74.05000 0.56348 0.48022
-73.95000 0.00000 0.41168
-73.85000 0.24139 0.61730
-73.75000 0.48302 0.34292
-73.65000 0.24139 0.48022
-73.55000 0.48302 0.54876
-73.45000 0.56348 0.41168
-73.35000 0.32209 0.06854
-73.25000 0.32209 0.54876
-73.15000 0.32209 0.61730
-73.05000 0.40255 0.13730
-72.95000 0.32209 0.34292
-72.85000 0.32209 0.34292
-72.75000 0.16092 0.27438
-72.65000 0.24139 0.20584
-72.55000 0.16092 0.34292
-72.45000 0.24139 0.41168
-72.35000 0.32209 0.34292
-72.25000 0.08046 0.13730
-72.15000 0.32209 0.13730
-72.05000 0.48302 0.13730
-71.95000 0.24139 0.00000
-71.85000 0.24139 0.06854
-71.75000 0.08046 0.06854
-71.65000 0.00000 0.20584
-71.55000 0.24139 0.13730
-71.45000 0.16092 0.00000
-71.35000 0.16092 0.06854
-71.25000 0.08046 0.06854
-71.15000 0.08046 0.00000
-71.05000 0.08046 0.00000
-70.95000 0.08046 0.06854
-70.85000 0.00000 0.06854
-70.75000 0.08046 0.06854
-70.65000 0.24139 0.13730
-70.55000 0.08046 0.06854
-70.45000 0.00000 0.06854
-70.35000 0.16092 0.13730
-70.25000 0.16092 0.06854
-70.15000 0.08046 0.06854
-70.05000 0.08046 0.13730
-69.95000 0.08046 0.13730
-69.85000 0.16092 0.13730
-69.75000 0.08046 0.00000
-69.65000 0.00000 0.13730
-69.55000 0.08046 0.06854
-69.45000 0.24139 0.00000
-69.35000 0.00000 0.06854
-69.25000 0.08046 0.06854
-69.15000 0.16092 0.00000
-69.05000 0.00000 0.06854
-68.95000 0.00000 0.00000
-68.85000 0.16092 0.00000
-68.75000 0.00000 0.00000
-68.65000 0.00000 0.13730
-68.55000 0.08046 0.00000
-68.45000 0.16092 0.20584
-68.35000 0.00000 0.00000
-68.25000 0.08046 0.00000
-68.15000 0.00000 0.00000
-68.05000 0.08046 0.00000
-67.95000 0.08046 0.00000
-67.85000 0.00000 0.00000
-67.75000 0.00000 0.06854
-67.65000 0.00000 0.00000
-67.55000 0.00000 0.00000
-67.45000 0.00000 0.00000
-67.35000 0.00000 0.13730
-67.25000 0.00000 0.00000
-67.15000 0.00000 0.00000
-67.05000 0.00000 0.00000
-66.95000 0.08046 0.00000
-66.85000 0.08046 0.00000
-66.75000 0.00000 0.06854
-66.65000 0.00000 0.00000
-66.55000 0.00000 0.06854
-66.45000 0.00000 0.00000
-66.35000 0.08046 0.06854
-66.25000 0.00000 0.06854
-66.15000 0.00000 0.00000
-66.05000 0.16092 0.06854
-65.95000 0.00000 0.13730
-65.85000 0.08046 0.00000
-65.75000 0.08046 0.06854
-65.65000 0.00000 0.06854
-65.55000 0.00000 0.06854
-65.45000 0.08046 0.00000
-65.35000 0.00000 0.00000
-65.25000 0.16092 0.00000
-65.15000 0.08046 0.00000
-65.05000 0.08046 0.00000
-64.95000 0.08046 0.00000
-64.85000 0.00000 0.06854
-64.75000 0.24139 0.06854
-64.65000 0.08046 0.06854
-64.55000 0.24139 0.06854
-64.45000 0.08046 0.00000
-64.35000 0.00000 0.06854
-64.25000 0.16092 0.06854
-64.15000 0.08046 0.06854
-64.05000 0.08046 0.06854
-63.95000 0.40255 0.13730
-63.85000 0.00000 0.20584
-63.75000 0.24139 0.41168
-63.65000 0.24139 0.20584
-63.55000 0.48302 0.20584
-63.45000 0.24139 0.13730
-63.35000 0.80486 0.68606
-63.25000 0.80486 0.20584
-63.15000 0.72440 0.27438
-63.05000 0.40255 0.34292
-62.95000 0.24139 0.89190
-62.85000 0.80486 0.48022
-62.75000 0.96603 0.54876
-62.65000 0.72440 0.54876
-62.55000 0.56348 0.61730
-62.45000 1.04650 0.34292
-62.35000 0.88533 0.96044
-62.25000 0.72440 0.48022
-62.15000 0.96603 0.48022
-62.05000 0.88533 0.34292
-61.95000 0.40255 0.41168
-61.85000 0.88533 0.54876
-61.75000 0.40255 0.41168
-61.65000 0.56348 0.89190
-61.55000 0.96603 0.54876
-61.45000 0.56348 0.61730
-61.35000 0.64394 0.34292
-61.25000 0.48302 0.27438
-61.15000 0.32209 0.34292
-61.05000 0.40255 0.48022
-60.95000 0.56348 0.68606
-60.85000 0.64394 0.75460
-60.75000 0.48302 0.41168
-60.65000 0.56348 0.06854
-60.55000 0.48302 0.06854
-60.45000 0.08046 0.27438
-60.35000 0.24139 0.34292
-60.25000 0.24139 0.34292
-60.15000 0.48302 0.27438
-60.05000 0.24139 0.34292
-59.95000 0.32209 0.00000
-59.85000 0.08046 0.06854
-59.75000 0.32209 0.13730
-59.65000 0.00000 0.13730
-59.55000 0.24139 0.27438
-59.45000 0.16092 0.20584
-59.35000 0.32209 0.20584
-59.25000 0.00000 0.00000
-59.15000 0.08046 0.20584
-59.05000 0.08046 0.41168
-58.95000 0.08046 0.13730
-58.85000 0.24139 0.06854
-58.75000 0.16092 0.27438
-58.65000 0.08046 0.13730
-58.55000 0.08046 0.06854
-58.45000 0.32209 0.06854
-58.35000 0.16092 0.34292
-58.25000 0.16092 0.13730
-58.15000 0.08046 0.06854
-58.05000 0.00000 0.06854
-57.95000 0.08046 0.13730
-57.85000 0.00000 0.06854
-57.75000 0.24139 0.06854
-57.65000 0.24139 0.13730
-57.55000 0.08046 0.00000
-57.45000 0.08046 0.00000
-57.35000 0.08046 0.00000
-57.25000 0.08046 0.00000
-57.15000 0.00000 0.06854
-57.05000 0.00000 0.13730
-56.95000 0.00000 0.00000
-56.85000 0.00000 0.00000
-56.75000 0.00000 0.00000
-56.65000 0.00000 0.06854
-56.55000 0.00000 0.06854
-56.45000 0.16092 0.06854
-56.35000 0.00000 0.06854
-56.25000 0.00000 0.00000
-56.15000 0.16092 0.00000
-56.05000 0.00000 0.06854
-55.95000 0.00000 0.00000
-55.85000 0.08046 0.06854
-55.75000 0.00000 0.00000
-55.65000 0.00000 0.06854
-55.55000 0.00000 0.00000
-55.45000 0.00000 0.06854
-55.35000 0.08046 0.00000
-55.25000 0.00000 0.06854
-55.15000 0.16092 0.06854
-55.05000 0.00000 0.00000
-54.95000 0.08046 0.06854
-54.85000 0.00000 0.06854
-54.75000 0.00000 0.06854
-54.65000 0.00000 0.00000
-54.55000 0.00000 0.06854
-54.45000 0.00000 0.00000
-54.35000 0.00000 0.06854
-54.25000 0.16092 0.00000
-54.15000 0.08046 0.00000
-54.05000 0.00000 0.00000
-53.95000 0.00000 0.06854
-53.85000 0.08046 0.00000
-53.75000 0.00000 0.00000
-53.65000 0.00000 0.00000
-53.55000 0.00000 0.06854
-53.45000 0.00000 0.00000
-53.35000 0.00000 0.06854
-53.25000 0.00000 0.00000
-53.15000 0.08046 0.00000
-53.05000 0.00000 0.06854
-52.95000 0.08046 0.06854
-52.85000 0.00000 0.06854
-52.75000 0.16092 0.00000
-52.65000 0.08046 0.06854
-52.55000 0.08046 0.00000
-52.45000 0.32209 0.00000
-52.35000 0.00000 0.00000
-52.25000 0.24139 0.20584
-52.15000 0.16092 0.13730
-52.05000 0.16092 0.00000
-51.95000 0.08046 0.00000
-51.85000 0.16092 0.00000
-51.75000 0.24139 0.20584
-51.65000 0.24139 0.13730
-51.55000 0.72440 0.27438
-51.45000 0.56348 0.13730
-51.35000 0.32209 0.41168
-51.25000 0.48302 0.27438
-51.15000 0.32209 0.20584
-51.05000 0.72440 0.20584
-50.95000 0.24139 0.34292
-50.85000 0.48302 0.13730
-50.75000 0.40255 0.20584
-50.65000 0.64394 0.27438
-50.55000 0.56348 0.82314
-50.45000 0.72440 0.27438
-50.35000 0.48302 0.48022
-50.25000 0.08046 0.06854
-50.15000 0.64394 0.54876
-50.05000 0.48302 0.48022
-49.95000 0.56348 0.61730
-49.85000 0.88533 1.30336
-49.75000 0.88533 0.61730
-49.65000 0.72440 0.61730
-49.55000 0.80486 0.54876
-49.45000 0.56348 0.41168
-49.35000 0.32209 0.27438
-49.25000 0.64394 0.48022
-49.15000 0.32209 0.89190
-49.05000 0.24139 0.13730
-48.95000 0.32209 0.61730
-48.85000 0.56348 0.61730
-48.75000 0.32209 0.27438
-48.65000 0.56348 0.34292
-48.55000 0.32209 0.20584
-48.45000 0.24139 0.13730
-48.35000 0.32209 0.48022
-48.25000 0.24139 0.20584
-48.15000 0.16092 0.41168
-48.05000 0.08046 0.48022
-47.95000 0.16092 0.34292
-47.85000 0.24139 0.27438
-47.75000 0.32209 0.27438
-47.65000 0.48302 0.34292
-47.55000 0.00000 0.13730
-47.45000 0.72440 0.27438
-47.35000 0.08046 0.13730
-47.25000 0.32209 0.27438
-47.15000 0.40255 0.06854
-47.05000 0.08046 0.27438
-46.95000 0.08046 0.20584
-46.85000 0.24139 0.06854
-46.75000 0.08046 0.00000
-46.65000 0.00000 0.27438
-46.55000 0.24139 0.13730
-46.45000 0.16092 0.00000
-46.35000 0.24139 0.06854
-46.25000 0.00000 0.13730
-46.15000 0.00000 0.06854
-46.05000 0.08046 0.13730
-45.95000 0.08046 0.06854
-45.85000 0.08046 0.06854
-45.75000 0.00000 0.13730
-45.65000 0.00000 0.06854
-45.55000 0.16092 0.00000
-45.45000 0.00000 0.06854
-45.35000 0.00000 0.13730
-45.25000 0.16092 0.00000
-45.15000 0.00000 0.13730
-45.05000 0.00000 0.13730
-44.95000 0.00000 0.00000
-44.85000 0.16092 0.13730
-44.75000 0.00000 0.06854
-44.65000 0.00000 0.06854
-44.55000 0.24139 0.00000
-44.45000 0.08046 0.00000
-44.35000 0.00000 0.00000
-44.25000 0.00000 0.13730
-44.15000 0.08046 0.06854
-44.05000 0.00000 0.00000
-43.95000 0.00000 0.06854
-43.85000 0.00000 0.06854
-43.75000 0.00000 0.00000
-43.65000 0.16092 0.13730
-43.55000 0.08046 0.00000
-43.45000 0.00000 0.06854
-43.35000 0.00000 0.00000
-43.25000 0.00000 0.00000
-43.15000 0.00000 0.00000
-43.05000 0.08046 0.06854
-42.95000 0.08046 0.06854
-42.85000 0.00000 0.06854
-42.75000 0.00000 0.00000
-42.65000 0.00000 0.00000
-42.55000 0.00000 0.00000
-42.45000 0.08046 0.00000
-42.35000 0.00000 0.00000
-42.25000 0.08046 0.06854
-42.15000 0.08046 0.06854
-42.05000 0.00000 0.00000
-41.95000 0.08046 0.00000
-41.85000 0.00000 0.06854
-41.75000 0.00000 0.00000
-41.65000 0.00000 0.06854
-41.55000 0.00000 0.06854
-41.45000 0.00000 0.00000
-41.35000 0.00000 0.00000
-41.25000 0.08046 0.00000
-41.15000 0.00000 0.00000
-41.05000 0.00000 0.00000
-40.95000 0.00000 0.00000
-40.85000 0.00000 0.06854
-40.75000 0.00000 0.00000
-40.65000 0.00000 0.06854
-40.55000 0.00000 0.00000
-40.45000 0.00000 0.13730
-40.35000 0.08046 0.20584
-40.25000 0.08046 0.06854
-40.15000 0.08046 0.20584
-40.05000 0.24139 0.00000
-39.95000 0.24139 0.13730
-39.85000 0.08046 0.00000
-39.75000 0.08046 0.13730
-39.65000 0.08046 0.13730
-39.55000 0.08046 0.06854
-39.45000 0.16092 0.06854
-39.35000 0.00000 0.06854
-39.25000 0.16092 0.20584
-39.15000 0.16092 0.20584
-39.05000 0.16092 0.06854
-38.95000 0.08046 0.13730
-38.85000 0.32209 0.00000
-38.75000 0.32209 0.34292
-38.65000 0.24139 0.27438
-38.55000 0.32209 0.20584
-38.45000 0.48302 0.13730
-38.35000 0.48302 0.27438
-38.25000 0.40255 0.34292
-38.15000 0.48302 0.48022
-38.05000 0.48302 0.20584
-37.95000 0.56348 0.34292
-37.85000 0.32209 0.48022
-37.75000 0.72440 0.41168
-37.65000 0.72440 0.48022
-37.55000 0.40255 0.48022
-37.45000 0.96603 0.68606
-37.35000 0.48302 0.82314
-37.25000 0.64394 0.48022
-37.15000 0.40255 0.41168
-37.05000 0.72440 0.27438
-36.95000 0.32209 0.54876
-36.85000 0.56348 0.68606
-36.75000 0.64394 0.20584
-36.65000 0.64394 0.54876
-36.55000 0.32209 0.27438
-36.45000 1.20742 0.54876
-36.35000 0.40255 0.48022
-36.25000 0.56348 0.20584
-36.15000 0.72440 0.54876
-36.05000 0.64394 0.41168
-35.95000 0.32209 0.61730
-35.85000 0.32209 0.82314
-35.75000 0.40255 0.41168
-35.65000 0.00000 0.34292
-35.55000 0.32209 0.41168
-35.45000 0.24139 0.54876
-35.35000 0.32209 0.34292
-35.25000 0.32209 0.13730
-35.15000 0.16092 0.13730
-35.05000 0.08046 0.48022
-34.95000 0.24139 0.06854
-34.85000 0.08046 0.20584
-34.75000 0.16092 0.13730
-34.65000 0.16092 0.13730
-34.55000 0.08046 0.20584
-34.45000 0.16092 0.27438
-34.35000 0.24139 0.20584
-34.25000 0.00000 0.13730
-34.15000 0.16092 0.13730
-34.05000 0.08046 0.13730
-33.95000 0.16092 0.20584
-33.85000 0.24139 0.06854
-33.75000 0.16092 0.00000
-33.65000 0.08046 0.13730
-33.55000 0.24139 0.20584
-33.45000 0.16092 0.13730
-33.35000 0.16092 0.00000
-33.25000 0.08046 0.06854
-33.15000 0.08046 0.06854
-33.05000 0.16092 0.27438
-32.95000 0.08046 0.06854
-32.85000 0.08046 0.06854
-32.75000 0.08046 0.06854
-32.65000 0.00000 0.00000
-32.55000 0.00000 0.13730
-32.45000 0.16092 0.00000
-32.35000 0.08046 0.06854
-32.25000 0.00000 0.20584
-32.15000 0.08046 0.00000
-32.05000 0.08046 0.00000
-31.95000 0.08046 0.00000
-31.85000 0.08046 0.00000
-31.75000 0.00000 0.00000
-31.65000 0.00000 0.06854
-31.55000 0.08046 0.06854
-31.45000 0.00000 0.06854
-31.35000 0.08046 0.00000
-31.25000 0.08046 0.06854
-31.15000 0.00000 0.00000
-31.05000 0.00000 0.00000
-30.95000 0.00000 0.00000
-30.85000 0.00000 0.00000
-30.75000 0.00000 0.00000
-30.65000 0.00000 0.20584
-30.55000 0.00000 0.00000
-30.45000 0.00000 0.13730
-30.35000 0.00000 0.06854
-30.25000 0.00000 0.00000
-30.15000 0.00000 0.00000
-30.05000 0.00000 0.06854
-29.95000 0.00000 0.00000
-29.85000 0.00000 0.00000
-29.75000 0.08046 0.00000
-29.65000 0.08046 0.06854
-29.55000 0.16092 0.00000
-29.45000 0.08046 0.06854
-29.35000 0.00000 0.13730
-29.25000 0.00000 0.06854
-29.15000 0.08046 0.00000
-29.05000 0.08046 0.00000
-28.95000 0.00000 0.06854
-28.85000 0.00000 0.06854
-28.75000 0.00000 0.00000
-28.65000 0.00000 0.00000
-28.55000 0.00000 0.00000
-28.45000 0.16092 0.00000
-28.35000 0.00000 0.00000
-28.25000 0.24139 0.06854
-28.15000 0.00000 0.00000
-28.05000 0.24139 0.06854
-27.95000 0.08046 0.06854
-27.85000 0.08046 0.06854
-27.75000 0.08046 0.00000
-27.65000 0.16092 0.06854
-27.55000 0.16092 0.00000
-27.45000 0.08046 0.20584
-27.35000 0.08046 0.13730
-27.25000 0.08046 0.00000
-27.15000 0.00000 0.00000
-27.05000 0.32209 0.00000
-26.95000 0.08046 0.20584
-26.85000 0.16092 0.13730
-26.75000 0.00000 0.20584
-26.65000 0.16092 0.20584
-26.55000 0.00000 0.00000
-26.45000 0.16092 0.06854
-26.35000 0.16092 0.20584
-26.25000 0.40255 0.13730
-26.15000 0.56348 0.20584
-26.05000 0.08046 0.13730
-25.95000 0.24139 0.13730
-25.85000 0.48302 0.06854
-25.75000 0.80486 0.41168
-25.65000 0.16092 0.68606
-25.55000 0.40255 0.48022
-25.45000 0.56348 0.41168
-25.35000 0.48302 0.54876
-25.25000 0.48302 0.41168
-25.15000 0.64394 0.61730
-25.05000 0.40255 0.41168
-24.95000 0.32209 0.54876
-24.85000 0.56348 0.61730
-24.75000 0.40255 0.41168
-24.65000 0.72440 0.68606
-24.55000 0.72440 0.68606
-24.45000 0.32209 0.54876
-24.35000 0.56348 0.61730
-24.25000 0.64394 0.61730
-24.15000 0.40255 0.48022
-24.05000 0.40255 0.41168
-23.95000 0.56348 0.54876
-23.85000 0.64394 0.68606
-23.75000 0.72440 0.41168
-23.65000 0.48302 0.54876
-23.55000 0.16092 0.41168
-23.45000 0.32209 0.61730
-23.35000 0.40255 0.41168
-23.25000 0.08046 0.27438
-23.15000 0.40255 0.54876
-23.05000 0.16092 0.34292
-22.95000 0.40255 0.13730
-22.85000 0.24139 0.20584
-22.75000 0.48302 0.20584
-22.65000 0.24139 0.20584
-22.55000 0.64394 0.41168
-22.45000 0.16092 0.20584
-22.35000 0.24139 0.13730
-22.25000 0.32209 0.27438
-22.15000 0.16092 0.06854
-22.05000 0.00000 0.06854
-21.95000 0.16092 0.06854
-21.85000 0.24139 0.13730
-21.75000 0.40255 0.13730
-21.65000 0.00000 0.06854
-21.55000 0.08046 0.13730
-21.45000 0.00000 0.13730
-21.35000 0.00000 0.06854
-21.25000 0.24139 0.13730
-21.15000 0.00000 0.13730
-21.05000 0.16092 0.13730
-20.95000 0.08046 0.13730
-20.85000 0.08046 0.06854
-20.75000 0.08046 0.06854
-20.65000 0.08046 0.06854
-20.55000 0.00000 0.06854
-20.45000 0.16092 0.00000
-20.35000 0.00000 0.20584
-20.25000 0.24139 0.06854
-20.15000 0.00000 0.06854
-20.05000 0.00000 0.00000
-19.95000 0.08046 0.00000
-19.85000 0.08046 0.13730
-19.75000 0.32209 0.06854
-19.65000 0.00000 0.06854
-19.55000 0.00000 0.00000
-19.45000 0.00000 0.13730
-19.35000 0.00000 0.00000
-19.25000 0.00000 0.06854
-19.15000 0.08046 0.00000
-19.05000 0.00000 0.00000
-18.95000 0.08046 0.06854
-18.85000 0.00000 0.06854
-18.75000 0.00000 0.00000
-18.65000 0.08046 0.06854
-18.55000 0.08046 0.00000
-18.45000 0.08046 0.00000
-18.35000 0.00000 0.13730
-18.25000 0.00000 0.06854
-18.15000 0.00000 0.00000
-18.05000 0.16092 0.00000
-17.95000 0.00000 0.00000
-17.85000 0.00000 0.00000
-17.75000 0.00000 0.06854
-17.65000 0.08046 0.00000
-17.55000 0.00000 0.00000
-17.45000 0.00000 0.06854
-17.35000 0.00000 0.06854
-17.25000 0.00000 0.00000
-17.15000 0.00000 0.00000
-17.05000 0.08046 0.06854
-16.95000 0.16092 0.00000
-16.85000 0.00000 0.00000
-16.75000 0.08046 0.00000
-16.65000 0.08046 0.00000
-16.55000 0.08046 0.00000
-16.45000 0.00000 0.06854
-16.35000 0.00000 0.00000
-16.25000 0.00000 0.00000
-16.15000 0.00000 0.06854
-16.05000 0.00000 0.00000
-15.95000 0.00000 0.00000
-15.85000 0.00000 0.13730
-15.75000 0.16092 0.06854
-15.65000 0.00000 0.00000
-15.55000 0.08046 0.06854
-15.45000 0.16092 0.20584
-15.35000 0.00000 0.00000
-15.25000 0.00000 0.06854
-15.15000 0.08046 0.00000
-15.05000 0.08046 0.00000
-14.95000 0.00000 0.00000
-14.85000 0.00000 0.00000
-14.75000 0.32209 0.06854
-14.65000 0.00000 0.06854
-14.55000 0.00000 0.06854
-14.45000 0.08046 0.00000
-14.35000 0.08046 0.06854
-14.25000 0.08046 0.20584
-14.15000 0.16092 0.27438
-14.05000 0.24139 0.06854
-13.95000 0.08046 0.06854
-13.85000 0.40255 0.13730
-13.75000 0.16092 0.13730
-13.65000 0.24139 0.06854
-13.55000 0.32209 0.27438
-13.45000 0.16092 0.06854
-13.35000 0.16092 0.06854
-13.25000 0.56348 0.13730
-13.15000 0.40255 0.34292
-13.05000 0.64394 0.34292
-12.95000 0.40255 0.41168
-12.85000 0.16092 0.34292
-12.75000 0.16092 0.48022
-12.65000 0.56348 0.54876
-12.55000 0.64394 0.48022
-12.45000 0.48302 0.34292
-12.35000 0.72440 0.54876
-12.25000 0.48302 0.48022
-12.15000 0.56348 1.02898
-12.05000 0.40255 0.48022
-11.95000 0.40255 0.54876
-11.85000 0.40255 0.41168
-11.75000 0.32209 0.48022
-11.65000 0.72440 0.54876
-11.55000 0.16092 0.48022
-11.45000 0.72440 0.54876
-11.35000 0.24139 0.41168
-11.25000 0.88533 0.34292
-11.15000 0.40255 0.54876
-11.05000 0.40255 0.27438
-10.95000 0.32209 0.41168
-10.85000 0.08046 0.27438
-10.75000 0.24139 0.20584
-10.65000 0.32209 0.54876
-10.55000 0.24139 0.20584
-10.45000 0.16092 0.54876
-10.35000 0.16092 0.06854
-10.25000 0.08046 0.34292
-10.15000 0.00000 0.41168
-10.05000 0.16092 0.34292
-9.95000 0.08046 0.13730
-9.85000 0.08046 0.13730
-9.75000 0.24139 0.20584
-9.65000 0.08046 0.06854
-9.55000 0.08046 0.13730
-9.45000 0.08046 0.06854
-9.35000 0.08046 0.06854
-9.25000 0.08046 0.13730
-9.15000 0.24139 0.00000
-9.05000 0.16092 0.13730
-8.95000 0.00000 0.00000
-8.85000 0.08046 0.13730
-8.75000 0.16092 0.13730
-8.65000 0.00000 0.06854
-8.55000 0.08046 0.00000
-8.45000 0.08046 0.00000
-8.35000 0.08046 0.06854
-8.25000 0.00000 0.00000
-8.15000 0.00000 0.20584
-8.05000 0.08046 0.06854
-7.95000 0.00000 0.00000
-7.85000 0.08046 0.00000
-7.75000 0.16092 0.06854
-7.65000 0.16092 0.00000
-7.55000 0.00000 0.06854
-7.45000 0.08046 0.00000
-7.35000 0.00000 0.00000
-7.25000 0.08046 0.06854
-7.15000 0.00000 0.00000
-7.05000 0.00000 0.00000
-6.95000 0.00000 0.06854
-6.85000 0.00000 0.00000
-6.75000 0.00000 0.00000
-6.65000 0.00000 0.00000
-6.55000 0.00000 0.00000
-6.45000 0.00000 0.00000
-6.35000 0.00000 0.00000
-6.25000 0.00000 0.00000
-6.15000 0.00000 0.00000
-6.05000 0.00000 0.00000
-5.95000 0.00000 0.00000
-5.85000 0.00000 0.00000
-5.75000 0.08046 0.06854
-5.65000 0.00000 0.06854
-5.55000 0.00000 0.06854
-5.45000 0.00000 0.00000
-5.35000 0.00000 0.06854
-5.25000 0.00000 0.06854
-5.15000 0.00000 0.06854
-5.05000 0.00000 0.00000
-4.95000 0.00000 0.00000
-4.85000 0.08046 0.00000
-4.75000 0.00000 0.06854
-4.65000 0.00000 0.00000
-4.55000 0.00000 0.00000
-4.45000 0.00000 0.00000
-4.35000 0.00000 0.00000
-4.25000 0.08046 0.06854
-4.15000 0.00000 0.06854
-4.05000 0.00000 0.00000
-3.95000 0.00000 0.00000
-3.85000 0.00000 0.00000
-3.75000 0.00000 0.00000
-3.65000 0.00000 0.00000
-3.55000 0.08046 0.00000
-3.45000 0.00000 0.00000
-3.35000 0.00000 0.00000
-3.25000 0.00000 0.06854
-3.15000 0.00000 0.00000
-3.05000 0.00000 0.00000
-2.95000 0.00000 0.00000
-2.85000 0.00000 0.00000
-2.75000 0.00000 0.06854
-2.65000 0.08046 0.00000
-2.55000 0.08046 0.06854
-2.45000 0.00000 0.00000
-2.35000 0.00000 0.00000
-2.25000 0.00000 0.06854
-2.15000 0.00000 0.00000
-2.05000 0.00000 0.06854
-1.95000 0.08046 0.06854
-1.85000 0.08046 0.06854
-1.75000 0.00000 0.00000
-1.65000 0.00000 0.20584
-1.55000 0.08046 0.06854
-1.45000 0.08046 0.13730
-1.35000 0.08046 0.06854
-1.25000 0.08046 0.06854
-1.15000 0.00000 0.00000
-1.05000 0.08046 0.00000
-0.95000 0.16092 0.13730
-0.85000 0.08046 0.27438
-0.75000 0.32209 0.13730
-0.65000 0.08046 0.48022
-0.55000 0.32209 0.20584
-0.45000 0.24139 0.34292
-0.35000 0.56348 0.75460
-0.25000 0.32209 0.96044
-0.15000 0.48302 1.23482
-0.05000 0.48302 1.78358
0.05000 0.96603 2.74402
0.15000 0.56348 2.60694
0.25000 1.04650 3.29278
0.35000 0.88533 2.33234
0.45000 1.28788 4.66490
0.55000 0.72440 3.15570
0.65000 0.88533 3.70446
0.75000 0.56348 3.49862
0.85000 0.80486 2.26380
0.95000 0.80486 2.88132
1.05000 1.20742 2.81256
1.15000 0.56348 2.60694
1.25000 1.12696 2.40110
1.35000 1.36834 2.33234
1.45000 1.44881 1.30336
1.55000 0.88533 1.50920
1.65000 0.88533 1.57774
1.75000 1.20742 1.16628
1.85000 0.80486 1.09752
1.95000 0.80486 0.54876
2.05000 0.80486 1.37212
2.15000 0.40255 0.82314
2.25000 0.40255 0.41168
2.35000 0.80486 0.20584
2.45000 0.88533 0.54876
2.55000 0.96603 0.34292
2.65000 0.72440 0.27438
2.75000 0.48302 0.34292
2.85000 0.64394 0.34292
2.95000 0.72440 0.06854
3.05000 0.56348 0.41168
3.15000 0.32209 0.06854
3.25000 0.72440 0.06854
3.35000 0.16092 0.06854
3.45000 0.32209 0.20584
3.55000 0.16092 0.20584
3.65000 0.24139 0.34292
3.75000 0.40255 0.13730
3.85000 0.24139 0.13730
3.95000 0.16092 0.13730
4.05000 0.16092 0.06854
4.15000 0.16092 0.27438
4.25000 0.40255 0.27438
4.35000 0.08046 0.20584
4.45000 0.00000 0.06854
4.55000 0.08046 0.06854
4.65000 0.16092 0.06854
4.75000 0.00000 0.06854
4.85000 0.00000 0.06854
4.95000 0.00000 0.06854
5.05000 0.08046 0.00000
5.15000 0.00000 0.06854
5.25000 0.08046 0.00000
5.35000 0.08046 0.13730
5.45000 0.00000 0.20584
5.55000 0.00000 0.06854
5.65000 0.00000 0.13730
5.75000 0.00000 0.00000
5.85000 0.00000 0.06854
5.95000 0.00000 0.06854
6.05000 0.08046 0.00000
6.15000 0.00000 0.00000
6.25000 0.00000 0.00000
6.35000 0.00000 0.06854
6.45000 0.00000 0.06854
6.55000 0.08046 0.06854
6.65000 0.00000 0.06854
6.75000 0.00000 0.00000
6.85000 0.00000 0.06854
6.95000 0.00000 0.00000
7.05000 0.08046 0.06854
7.15000 0.00000 0.00000
7.25000 0.00000 0.06854
7.35000 0.08046 0.06854
7.45000 0.00000 0.00000
7.55000 0.08046 0.00000
7.65000 0.00000 0.00000
7.75000 0.00000 0.00000
7.85000 0.00000 0.00000
7.95000 0.00000 0.00000
8.05000 0.00000 0.00000
8.15000 0.00000 0.06854
8.25000 0.08046 0.06854
8.35000 0.00000 0.06854
8.45000 0.00000 0.00000
8.55000 0.00000 0.06854
8.65000 0.00000 0.00000
8.75000 0.16092 0.00000
8.85000 0.00000 0.00000
8.95000 0.00000 0.00000
9.05000 0.00000 0.00000
9.15000 0.00000 0.06854
9.25000 0.00000 0.00000
9.35000 0.08046 0.06854
9.45000 0.08046 0.06854
9.55000 0.00000 0.06854
9.65000 0.00000 0.06854
9.75000 0.16092 0.00000
9.85000 0.16092 0.13730
9.95000 0.08046 0.00000
10.05000 0.00000 0.13730
10.15000 0.24139 0.00000
10.25000 0.08046 0.00000
10.35000 0.16092 0.06854
10.45000 0.00000 0.06854
10.55000 0.16092 0.06854
10.65000 0.16092 0.06854
10.75000 0.16092 0.06854
10.85000 0.72440 0.20584
10.95000 0.08046 0.27438
11.05000 0.24139 0.27438
11.15000 0.32209 0.06854
11.25000 0.08046 0.20584
11.35000 0.08046 0.20584
11.45000 0.24139 0.13730
11.55000 0.40255 0.34292
11.65000 0.40255 0.34292
11.75000 0.24139 0.41168
11.85000 0.80486 0.27438
11.95000 0.72440 0.48022
12.05000 0.24139 0.48022
12.15000 0.32209 0.27438
12.25000 0.96603 0.48022
12.35000 0.56348 0.41168
12.45000 0.40255 0.27438
12.55000 0.48302 0.61730
12.65000 0.48302 0.41168
12.75000 0.72440 0.20584
12.85000 0.72440 0.41168
12.95000 0.56348 0.13730
13.05000 0.40255 0.48022
13.15000 0.48302 0.48022
13.25000 0.56348 0.13730
13.35000 0.64394 0.48022
13.45000 0.56348 0.20584
13.55000 0.32209 0.82314
13.65000 0.48302 0.48022
13.75000 0.40255 0.27438
13.85000 0.56348 0.34292
13.95000 0.16092 0.20584
14.05000 0.08046 0.41168
14.15000 0.24139 0.13730
14.25000 0.56348 0.34292
14.35000 0.48302 0.34292
14.45000 0.32209 0.34292
14.55000 0.08046 0.41168
14.65000 0.08046 0.06854
14.75000 0.32209 0.00000
14.85000 0.08046 0.34292
14.95000 0.08046 0.34292
15.05000 0.16092 0.13730
15.15000 0.00000 0.34292
15.25000 0.16092 0.27438
15.35000 0.16092 0.13730
15.45000 0.00000 0.20584
15.55000 0.00000 0.20584
15.65000 0.16092 0.27438
15.75000 0.00000 0.34292
15.85000 0.24139 0.06854
15.95000 0.08046 0.20584
16.05000 0.16092 0.34292
16.15000 0.08046 0.06854
16.25000 0.08046 0.06854
16.35000 0.08046 0.06854
16.45000 0.24139 0.20584
16.55000 0.08046 0.06854
16.65000 0.00000 0.00000
16.75000 0.08046 0.00000
16.85000 0.16092 0.06854
16.95000 0.16092 0.06854
17.05000 0.08046 0.13730
17.15000 0.08046 0.06854
17.25000 0.00000 0.13730
17.35000 0.24139 0.06854
17.45000 0.00000 0.20584
17.55000 0.00000 0.13730
17.65000 0.08046 0.06854
17.75000 0.16092 0.06854
17.85000 0.08046 0.00000
17.95000 0.00000 0.06854
18.05000 0.00000 0.13730
18.15000 0.00000 0.00000
18.25000 0.08046 0.00000
18.35000 0.08046 0.00000
18.45000 0.00000 0.06854
18.55000 0.08046 0.13730
18.65000 0.16092 0.00000
18.75000 0.08046 0.06854
18.85000 0.00000 0.00000
18.95000 0.00000 0.00000
19.05000 0.00000 0.00000
19.15000 0.00000 0.00000
19.25000 0.16092 0.13730
19.35000 0.08046 0.00000
19.45000 0.08046 0.06854
19.55000 0.00000 0.00000
19.65000 0.08046 0.00000
19.75000 0.00000 0.00000
19.85000 0.00000 0.00000
19.95000 0.00000 0.06854
20.05000 0.00000 0.00000
20.15000 0.00000 0.00000
20.25000 0.00000 0.06854
20.35000 0.00000 0.00000
20.45000 0.00000 0.00000
20.55000 0.08046 0.00000
20.65000 0.00000 0.00000
20.75000 0.00000 0.00000
20.85000 0.00000 0.00000
20.95000 0.00000 0.06854
21.05000 0.00000 0.06854
21.15000 0.00000 0.00000
21.25000 0.00000 0.00000
21.35000 0.16092 0.00000
21.45000 0.00000 0.00000
21.55000 0.16092 0.00000
21.65000 0.00000 0.00000
21.75000 0.16092 0.00000
21.85000 0.08046 0.06854
21.95000 0.24139 0.13730
22.05000 0.00000 0.06854
22.15000 0.00000 0.06854
22.25000 0.08046 0.00000
22.35000 0.08046 0.00000
22.45000 0.00000 0.20584
22.55000 0.16092 0.00000
22.65000 0.16092 0.00000
22.75000 0.00000 0.13730
22.85000 0.24139 0.06854
22.95000 0.00000 0.06854
23.05000 0.16092 0.20584
23.15000 0.08046 0.13730
23.25000 0.32209 0.13730
23.35000 0.00000 0.00000
23.45000 0.24139 0.27438
23.55000 0.00000 0.20584
23.65000 0.32209 0.13730
23.75000 0.32209 0.13730
23.85000 0.24139 0.00000
23.95000 0.16092 0.27438
24.05000 0.24139 0.34292
24.15000 0.32209 0.34292
24.25000 0.56348 0.06854
24.35000 0.48302 0.41168
24.45000 0.40255 0.54876
24.55000 0.64394 0.41168
24.65000 0.40255 0.13730
24.75000 0.64394 0.27438
24.85000 0.88533 0.27438
24.95000 0.40255 0.34292
25.05000 0.64394 0.48022
25.15000 0.40255 0.41168
25.25000 0.72440 0.68606
25.35000 0.32209 0.13730
25.45000 0.64394 0.75460
25.55000 0.56348 0.34292
25.65000 0.24139 0.61730
25.75000 0.48302 0.54876
25.85000 0.32209 0.27438
25.95000 0.72440 0.48022
26.05000 0.48302 0.61730
26.15000 0.32209 0.54876
26.25000 0.32209 0.41168
26.35000 0.24139 0.48022
26.45000 0.32209 0.27438
26.55000 0.64394 0.13730
26.65000 0.24139 0.27438
26.75000 0.40255 0.41168
26.85000 0.24139 0.34292
26.95000 0.24139 0.27438
27.05000 0.32209 0.61730
27.15000 0.32209 0.20584
27.25000 0.40255 0.27438
27.35000 0.40255 0.54876
27.45000 0.16092 0.34292
27.55000 0.08046 0.20584
27.65000 0.16092 0.41168
27.75000 0.32209 0.20584
27.85000 0.08046 0.20584
27.95000 0.24139 0.00000
28.05000 0.16092 0.34292
28.15000 0.08046 0.20584
28.25000 0.40255 0.13730
28.35000 0.16092 0.06854
28.45000 0.32209 0.20584
28.55000 0.24139 0.06854
28.65000 0.32209 0.13730
28.75000 0.08046 0.00000
28.85000 0.00000 0.20584
28.95000 0.32209 0.27438
29.05000 0.16092 0.06854
29.15000 0.00000 0.06854
29.25000 0.00000 0.13730
29.35000 0.16092 0.00000
29.45000 0.00000 0.20584
29.55000 0.00000 0.13730
29.65000 0.00000 0.06854
29.75000 0.08046 0.06854
29.85000 0.08046 0.06854
29.95000 0.24139 0.06854
30.05000 0.08046 0.00000
30.15000 0.08046 0.06854
30.25000 0.00000 0.00000
30.35000 0.00000 0.06854
30.45000 0.08046 0.00000
30.55000 0.08046 0.13730
30.65000 0.16092 0.00000
30.75000 0.00000 0.00000
30.85000 0.00000 0.00000
30.95000 0.08046 0.00000
31.05000 0.08046 0.20584
31.15000 0.08046 0.00000
31.25000 0.00000 0.13730
31.35000 0.00000 0.06854
31.45000 0.08046 0.06854
31.55000 0.00000 0.00000
31.65000 0.08046 0.00000
31.75000 0.16092 0.13730
31.85000 0.00000 0.00000
31.95000 0.08046 0.00000
32.05000 0.00000 0.06854
32.15000 0.00000 0.00000
32.25000 0.08046 0.00000
32.35000 0.00000 0.00000
32.45000 0.00000 0.00000
32.55000 0.00000 0.06854
32.65000 0.00000 0.00000
32.75000 0.08046 0.06854
32.85000 0.00000 0.00000
32.95000 0.08046 0.00000
33.05000 0.08046 0.00000
33.15000 0.00000 0.00000
33.25000 0.00000 0.06854
33.35000 0.08046 0.00000
33.45000 0.00000 0.00000
33.55000 0.08046 0.06854
33.65000 0.08046 0.06854
33.75000 0.00000 0.06854
33.85000 0.00000 0.00000
33.95000 0.00000 0.00000
34.05000 0.00000 0.00000
34.15000 0.00000 0.06854
34.25000 0.08046 0.00000
34.35000 0.00000 0.00000
34.45000 0.16092 0.06854
34.55000 0.08046 0.06854
34.65000 0.00000 0.06854
34.75000 0.08046 0.06854
34.85000 0.00000 0.00000
34.95000 0.00000 0.06854
35.05000 0.00000 0.00000
35.15000 0.24139 0.06854
35.25000 0.00000 0.00000
35.35000 0.00000 0.13730
35.45000 0.08046 0.20584
35.55000 0.16092 0.13730
35.65000 0.24139 0.13730
35.75000 0.32209 0.13730
35.85000 0.32209 0.34292
35.95000 0.24139 0.06854
36.05000 0.16092 0.20584
36.15000 0.32209 0.20584
36.25000 0.32209 0.00000
36.35000 0.08046 0.20584
36.45000 0.08046 0.06854
36.55000 0.40255 0.48022
36.65000 0.16092 0.41168
36.75000 0.32209 0.20584
36.85000 0.24139 0.48022
36.95000 0.72440 0.54876
37.05000 1.04650 0.68606
37.15000 0.80486 0.48022
37.25000 0.88533 0.54876
37.35000 0.40255 0.61730
37.45000 0.80486 0.61730
37.55000 0.56348 0.54876
37.65000 0.56348 0.54876
37.75000 0.72440 0.41168
37.85000 1.04650 0.41168
37.95000 0.48302 0.41168
38.05000 0.32209 0.61730
38.15000 0.72440 0.34292
38.25000 0.48302 0.82314
38.35000 0.64394 0.82314
38.45000 0.32209 0.48022
38.55000 0.72440 0.27438
38.65000 0.64394 0.41168
38.75000 0.80486 0.41168
38.85000 0.40255 0.34292
38.95000 0.48302 0.34292
39.05000 0.00000 0.48022
39.15000 0.24139 0.54876
39.25000 0.56348 0.89190
39.35000 0.08046 0.27438
39.45000 0.40255 0.13730
39.55000 0.16092 0.41168
39.65000 0.08046 0.13730
39.75000 0.24139 0.54876
39.85000 0.16092 0.20584
39.95000 0.16092 0.27438
40.05000 0.32209 0.27438
40.15000 0.16092 0.00000
40.25000 0.08046 0.06854
40.35000 0.16092 0.13730
40.45000 0.08046 0.20584
40.55000 0.24139 0.06854
40.65000 0.40255 0.06854
40.75000 0.08046 0.06854
40.85000 0.08046 0.06854
40.95000 0.00000 0.00000
41.05000 0.08046 0.06854
41.15000 0.00000 0.06854
41.25000 0.16092 0.20584
41.35000 0.00000 0.20584
41.45000 0.16092 0.20584
41.55000 0.16092 0.13730
41.65000 0.16092 0.06854
41.75000 0.00000 0.00000
41.85000 0.24139 0.06854
41.95000 0.00000 0.00000
42.05000 0.00000 0.06854
42.15000 0.24139 0.00000
42.25000 0.00000 0.06854
42.35000 0.00000 0.13730
42.45000 0.00000 0.06854
42.55000 0.08046 0.00000
42.65000 0.00000 0.06854
42.75000 0.08046 0.06854
42.85000 0.08046 0.13730
42.95000 0.08046 0.00000
43.05000 0.08046 0.00000
43.15000 0.00000 0.13730
43.25000 0.00000 0.13730
43.35000 0.08046 0.00000
43.45000 0.00000 0.00000
43.55000 0.00000 0.06854
43.65000 0.00000 0.00000
43.75000 0.00000 0.00000
43.85000 0.08046 0.00000
43.95000 0.00000 0.00000
44.05000 0.08046 0.00000
44.15000 0.00000 0.00000
44.25000 0.08046 0.13730
44.35000 0.16092 0.00000
44.45000 0.00000 0.00000
44.55000 0.00000 0.06854
44.65000 0.00000 0.00000
44.75000 0.08046 0.00000
44.85000 0.00000 0.00000
44.95000 0.00000 0.00000
45.05000 0.16092 0.00000
45.15000 0.08046 0.06854
45.25000 0.00000 0.00000
45.35000 0.00000 0.00000
45.45000 0.00000 0.00000
45.55000 0.00000 0.00000
45.65000 0.00000 0.00000
45.75000 0.00000 0.06854
45.85000 0.00000 0.00000
45.95000 0.08046 0.00000
46.05000 0.00000 0.00000
46.15000 0.00000 0.06854
46.25000 0.08046 0.00000
46.35000 0.16092 0.00000
46.45000 0.08046 0.00000
46.55000 0.08046 0.00000
46.65000 0.08046 0.00000
46.75000 0.00000 0.00000
46.85000 0.08046 0.00000
46.95000 0.00000 0.00000
47.05000 0.00000 0.06854
47.15000 0.00000 0.13730
47.25000 0.16092 0.00000
47.35000 0.00000 0.00000
47.45000 0.08046 0.00000
47.55000 0.16092 0.06854
47.65000 0.16092 0.13730
47.75000 0.08046 0.20584
47.85000 0.08046 0.06854
47.95000 0.16092 0.13730
48.05000 0.08046 0.00000
48.15000 0.16092 0.20584
48.25000 0.24139 0.20584
48.35000 0.16092 0.20584
48.45000 0.16092 0.27438
48.55000 0.32209 0.13730
48.65000 0.40255 0.20584
48.75000 0.24139 0.20584
48.85000 0.00000 0.06854
48.95000 0.16092 0.27438
49.05000 0.40255 0.27438
49.15000 0.56348 0.06854
49.25000 0.48302 0.41168
49.35000 0.40255 0.54876
49.45000 0.80486 0.13730
49.55000 0.32209 0.20584
49.65000 0.48302 0.54876
49.75000 0.80486 0.41168
49.85000 0.56348 0.48022
49.95000 0.96603 0.61730
50.05000 0.88533 0.75460
50.15000 0.64394 0.82314
50.25000 0.80486 0.61730
50.35000 0.64394 0.48022
50.45000 0.80486 0.54876
50.55000 0.56348 0.48022
50.65000 0.16092 0.82314
50.75000 0.64394 0.68606
50.85000 0.64394 0.34292
50.95000 0.40255 0.54876
51.05000 0.48302 0.27438
51.15000 0.32209 0.41168
51.25000 0.40255 0.27438
51.35000 0.48302 0.20584
51.45000 0.24139 0.75460
51.55000 0.48302 0.41168
51.65000 0.16092 0.13730
51.75000 0.24139 0.13730
51.85000 0.32209 0.41168
51.95000 0.32209 0.27438
52.05000 0.32209 0.34292
52.15000 0.16092 0.41168
52.25000 0.40255 0.34292
52.35000 0.24139 0.41168
52.45000 0.24139 0.34292
52.55000 0.24139 0.34292
52.65000 0.16092 0.13730
52.75000 0.00000 0.20584
52.85000 0.24139 0.20584
52.95000 0.32209 0.20584
53.05000 0.08046 0.41168
53.15000 0.40255 0.06854
53.25000 0.08046 0.06854
53.35000 0.00000 0.00000
53.45000 0.00000 0.20584
53.55000 0.08046 0.06854
53.65000 0.16092 0.06854
53.75000 0.24139 0.00000
53.85000 0.08046 0.06854
53.95000 0.16092 0.00000
54.05000 0.16092 0.13730
54.15000 0.16092 0.20584
54.25000 0.00000 0.06854
54.35000 0.16092 0.06854
54.45000 0.00000 0.06854
54.55000 0.16092 0.13730
54.65000 0.08046 0.00000
54.75000 0.16092 0.06854
54.85000 0.00000 0.00000
54.95000 0.00000 0.13730
55.05000 0.16092 0.06854
55.15000 0.08046 0.06854
55.25000 0.16092 0.00000
55.35000 0.00000 0.00000
55.45000 0.00000 0.13730
55.55000 0.08046 0.00000
55.65000 0.08046 0.13730
55.75000 0.00000 0.00000
55.85000 0.00000 0.00000
55.95000 0.16092 0.00000
56.05000 0.00000 0.06854
56.15000 0.00000 0.06854
56.25000 0.00000 0.00000
56.35000 0.00000 0.06854
56.45000 0.00000 0.06854
56.55000 0.00000 0.00000
56.65000 0.00000 0.13730
56.75000 0.00000 0.00000
56.85000 0.08046 0.00000
56.95000 0.00000 0.00000
57.05000 0.00000 0.00000
57.15000 0.00000 0.00000
57.25000 0.08046 0.00000
57.35000 0.00000 0.00000
57.45000 0.00000 0.00000
57.55000 0.00000 0.00000
57.65000 0.00000 0.00000
57.75000 0.08046 0.00000
57.85000 0.00000 0.00000
57.95000 0.00000 0.00000
58.05000 0.00000 0.00000
58.15000 0.00000 0.00000
58.25000 0.00000 0.00000
58.35000 0.08046 0.06854
58.45000 0.16092 0.00000
58.55000 0.08046 0.06854
58.65000 0.00000 0.00000
58.75000 0.00000 0.06854
58.85000 0.00000 0.00000
58.95000 0.16092 0.00000
59.05000 0.08046 0.00000
59.15000 0.08046 0.06854
59.25000 0.08046 0.00000
59.35000 0.16092 0.00000
59.45000 0.00000 0.00000
59.55000 0.16092 0.00000
59.65000 0.00000 0.06854
59.75000 0.16092 0.13730
59.85000 0.00000 0.00000
59.95000 0.08046 0.13730
60.05000 0.00000 0.00000
60.15000 0.08046 0.20584
60.25000 0.16092 0.06854
60.35000 0.40255 0.13730
60.45000 0.00000 0.06854
60.55000 0.16092 0.06854
60.65000 0.24139 0.00000
60.75000 0.08046 0.34292
60.85000 0.16092 0.20584
60.95000 0.24139 0.20584
61.05000 0.40255 0.13730
61.15000 0.16092 0.20584
61.25000 0.32209 0.48022
61.35000 0.48302 0.13730
61.45000 0.00000 0.27438
61.55000 0.40255 0.34292
61.65000 0.40255 0.13730
61.75000 0.56348 0.54876
61.85000 0.16092 0.27438
61.95000 0.24139 0.34292
62.05000 0.40255 0.06854
62.15000 0.56348 0.41168
62.25000 0.80486 0.41168
62.35000 0.72440 0.68606
62.45000 0.48302 0.41168
62.55000 0.32209 0.48022
62.65000 0.80486 0.41168
62.75000 0.72440 0.61730
62.85000 1.04650 0.41168
62.95000 0.48302 0.34292
63.05000 0.96603 0.89190
63.15000 0.72440 0.68606
63.25000 0.56348 0.48022
63.35000 0.32209 0.34292
63.45000 0.40255 0.48022
63.55000 0.48302 0.48022
63.65000 0.40255 0.48022
63.75000 0.80486 0.20584
63.85000 0.40255 0.13730
63.95000 0.32209 0.41168
64.05000 0.56348 0.34292
64.15000 0.72440 0.20584
64.25000 0.32209 0.61730
64.35000 0.16092 0.48022
64.45000 0.48302 0.41168
64.55000 0.24139 0.41168
64.65000 0.56348 0.20584
64.75000 0.24139 0.13730
64.85000 0.24139 0.27438
64.95000 0.16092 0.20584
65.05000 0.08046 0.13730
65.15000 0.24139 0.27438
65.25000 0.24139 0.13730
65.35000 0.16092 0.20584
65.45000 0.40255 0.06854
65.55000 0.08046 0.34292
65.65000 0.08046 0.06854
65.75000 0.08046 0.20584
65.85000 0.08046 0.20584
65.95000 0.08046 0.13730
66.05000 0.08046 0.13730
66.15000 0.08046 0.06854
66.25000 0.00000 0.20584
66.35000 0.16092 0.27438
66.45000 0.08046 0.27438
66.55000 0.24139 0.13730
66.65000 0.24139 0.13730
66.75000 0.08046 0.06854
66.85000 0.00000 0.13730
66.95000 0.00000 0.00000
67.05000 0.00000 0.13730
67.15000 0.08046 0.13730
67.25000 0.08046 0.06854
67.35000 0.00000 0.00000
67.45000 0.00000 0.06854
67.55000 0.16092 0.00000
67.65000 0.00000 0.00000
67.75000 0.00000 0.06854
67.85000 0.16092 0.06854
67.95000 0.08046 0.00000
68.05000 0.08046 0.06854
68.15000 0.00000 0.00000
68.25000 0.00000 0.00000
68.35000 0.08046 0.13730
68.45000 0.16092 0.06854
68.55000 0.00000 0.13730
68.65000 0.00000 0.06854
68.75000 0.00000 0.00000
68.85000 0.00000 0.00000
68.95000 0.08046 0.13730
69.05000 0.00000 0.00000
69.15000 0.00000 0.00000
69.25000 0.00000 0.06854
69.35000 0.00000 0.13730
69.45000 0.00000 0.00000
69.55000 0.08046 0.06854
69.65000 0.00000 0.06854
69.75000 0.00000 0.00000
69.85000 0.08046 0.00000
69.95000 0.08046 0.00000
70.05000 0.08046 0.00000
70.15000 0.08046 0.00000
70.25000 0.08046 0.00000
70.35000 0.00000 0.00000
70.45000 0.00000 0.00000
70.55000 0.08046 0.00000
70.65000 0.16092 0.00000
70.75000 0.16092 0.00000
70.85000 0.08046 0.00000
70.95000 0.00000 0.00000
71.05000 0.00000 0.00000
71.15000 0.16092 0.13730
71.25000 0.00000 0.00000
71.35000 0.00000 0.00000
71.45000 0.08046 0.00000
71.55000 0.08046 0.06854
71.65000 0.08046 0.06854
71.75000 0.08046 0.00000
71.85000 0.00000 0.00000
71.95000 0.08046 0.00000
72.05000 0.00000 0.06854
72.15000 0.08046 0.00000
72.25000 0.16092 0.06854
72.35000 0.08046 0.06854
72.45000 0.16092 0.06854
72.55000 0.24139 0.00000
72.65000 0.16092 0.06854
72.75000 0.00000 0.20584
72.85000 0.16092 0.20584
72.95000 0.16092 0.00000
73.05000 0.16092 0.06854
73.15000 0.24139 0.06854
73.25000 0.48302 0.13730
73.35000 0.16092 0.41168
73.45000 0.24139 0.06854
73.55000 0.24139 0.13730
73.65000 0.40255 0.41168
73.75000 0.48302 0.54876
73.85000 0.16092 0.27438
73.95000 0.32209 0.13730
74.05000 0.16092 0.20584
74.15000 0.64394 0.06854
74.25000 0.72440 0.27438
74.35000 0.48302 0.48022
74.45000 0.56348 0.41168
74.55000 0.72440 0.27438
74.65000 0.32209 0.41168
74.75000 0.72440 0.20584
74.85000 0.72440 0.68606
74.95000 0.80486 0.27438
75.05000 0.24139 0.41168
75.15000 1.04650 0.75460
75.25000 0.08046 0.82314
75.35000 0.72440 0.54876
75.45000 0.72440 0.54876
75.55000 0.48302 0.41168
75.65000 0.56348 0.20584
75.75000 0.64394 0.41168
75.85000 0.32209 0.41168
75.95000 0.56348 0.48022
76.05000 0.80486 0.41168
76.15000 0.40255 0.34292
76.25000 0.32209 0.54876
76.35000 0.00000 0.41168
76.45000 0.08046 0.75460
76.55000 0.48302 0.41168
76.65000 0.24139 0.61730
76.75000 0.16092 0.20584
76.85000 0.24139 0.20584
76.95000 0.24139 0.00000
77.05000 0.40255 0.41168
77.15000 0.48302 0.13730
77.25000 0.32209 0.27438
77.35000 0.08046 0.06854
77.45000 0.00000 0.27438
77.55000 0.24139 0.13730
77.65000 0.24139 0.20584
77.75000 0.08046 0.13730
77.85000 0.48302 0.34292
77.95000 0.00000 0.13730
78.05000 0.08046 0.06854
78.15000 0.24139 0.06854
78.25000 0.08046 0.20584
78.35000 0.24139 0.13730
78.45000 0.08046 0.00000
78.55000 0.32209 0.20584
78.65000 0.24139 0.13730
78.75000 0.00000 0.06854
78.85000 0.08046 0.20584
78.95000 0.16092 0.06854
79.05000 0.08046 0.06854
79.15000 0.08046 0.06854
79.25000 0.16092 0.06854
79.35000 0.16092 0.00000
79.45000 0.16092 0.13730
79.55000 0.00000 0.13730
79.65000 0.00000 0.00000
79.75000 0.08046 0.06854
79.85000 0.08046 0.00000
79.95000 0.00000 0.00000
80.05000 0.08046 0.06854
80.15000 0.00000 0.00000
80.25000 0.08046 0.13730
80.35000 0.08046 0.00000
80.45000 0.00000 0.06854
80.55000 0.00000 0.06854
80.65000 0.00000 0.06854
80.75000 0.00000 0.06854
80.85000 0.00000 0.13730
80.95000 0.08046 0.00000
81.05000 0.08046 0.00000
81.15000 0.08046 0.00000
81.25000 0.00000 0.06854
81.35000 0.00000 0.06854
81.45000 0.00000 0.13730
81.55000 0.08046 0.06854
81.65000 0.00000 0.00000
81.75000 0.00000 0.00000
81.85000 0.00000 0.00000
81.95000 0.08046 0.00000
82.05000 0.00000 0.00000
82.15000 0.00000 0.00000
82.25000 0.00000 0.00000
82.35000 0.00000 0.00000
82.45000 0.00000 0.00000
82.55000 0.00000 0.00000
82.65000 0.00000 0.13730
82.75000 0.00000 0.00000
82.85000 0.00000 0.00000
82.95000 0.00000 0.06854
83.05000 0.00000 0.00000
83.15000 0.08046 0.00000
83.25000 0.00000 0.06854
83.35000 0.00000 0.00000
83.45000 0.00000 0.06854
83.55000 0.00000 0.00000
83.65000 0.00000 0.00000
83.75000 0.00000 0.06854
83.85000 0.00000 0.06854
83.95000 0.16092 0.00000
84.05000 0.00000 0.06854
84.15000 0.00000 0.06854
84.25000 0.08046 0.06854
84.35000 0.00000 0.00000
84.45000 0.00000 0.00000
84.55000 0.00000 0.00000
84.65000 0.16092 0.06854
84.75000 0.08046 0.06854
84.85000 0.24139 0.06854
84.95000 0.00000 0.00000
85.05000 0.00000 0.00000
85.15000 0.16092 0.00000
85.25000 0.08046 0.20584
85.35000 0.16092 0.13730
85.45000 0.32209 0.13730
85.55000 0.00000 0.06854
85.65000 0.08046 0.13730
85.75000 0.16092 0.06854
85.85000 0.16092 0.13730
85.95000 0.00000 0.13730
86.05000 0.24139 0.20584
86.15000 0.24139 0.13730
86.25000 0.00000 0.13730
86.35000 0.40255 0.34292
86.45000 0.32209 0.27438
86.55000 0.24139 0.27438
86.65000 0.56348 0.61730
86.75000 0.32209 0.41168
86.85000 0.32209 0.89190
86.95000 0.48302 0.54876
87.05000 0.48302 0.61730
87.15000 0.56348 0.48022
87.25000 0.64394 0.41168
87.35000 0.40255 0.41168
87.45000 0.56348 0.41168
87.55000 0.72440 0.41168
87.65000 0.48302 0.48022
87.75000 0.48302 0.41168
87.85000 0.56348 0.96044
87.95000 0.56348 0.48022
88.05000 0.40255 0.41168
88.15000 0.72440 0.48022
88.25000 0.56348 0.54876
88.35000 0.72440 0.68606
88.45000 0.56348 0.34292
88.55000 0.40255 0.20584
88.65000 0.32209 0.41168
88.75000 0.48302 0.61730
88.85000 0.40255 0.20584
88.95000 0.40255 0.48022
89.05000 0.48302 0.34292
89.15000 0.32209 0.13730
89.25000 0.32209 0.48022
89.35000 0.56348 0.27438
89.45000 0.56348 0.13730
89.55000 0.16092 0.34292
89.65000 0.48302 0.20584
89.75000 0.08046 0.34292
89.85000 0.16092 0.27438
89.95000 0.16092 0.00000
90.05000 0.48302 0.20584
90.15000 0.08046 0.61730
90.25000 0.16092 0.06854
90.35000 0.16092 0.34292
90.45000 0.16092 0.20584
90.55000 0.08046 0.00000
90.65000 0.16092 0.20584
90.75000 0.00000 0.00000
90.85000 0.16092 0.13730
90.95000 0.08046 0.06854
91.05000 0.00000 0.13730
91.15000 0.00000 0.20584
91.25000 0.00000 0.06854
91.35000 0.08046 0.00000
91.45000 0.16092 0.13730
91.55000 0.00000 0.00000
91.65000 0.16092 0.06854
91.75000 0.16092 0.06854
91.85000 0.08046 0.20584
91.95000 0.16092 0.06854
92.05000 0.08046 0.00000
92.15000 0.00000 0.13730
92.25000 0.08046 0.06854
92.35000 0.08046 0.06854
92.45000 0.16092 0.20584
92.55000 0.08046 0.13730
92.65000 0.16092 0.20584
92.75000 0.00000 0.06854
92.85000 0.00000 0.13730
92.95000 0.00000 0.06854
93.05000 0.00000 0.06854
93.15000 0.08046 0.06854
93.25000 0.00000 0.13730
93.35000 0.08046 0.06854
93.45000 0.00000 0.00000
93.55000 0.00000 0.00000
93.65000 0.08046 0.00000
93.75000 0.00000 0.00000
93.85000 0.00000 0.06854
93.95000 0.08046 0.06854
94.05000 0.00000 0.06854
94.15000 0.16092 0.00000
94.25000 0.00000 0.00000
94.35000 0.00000 0.06854
94.45000 0.00000 0.06854
94.55000 0.08046 0.00000
94.65000 0.00000 0.00000
94.75000 0.00000 0.00000
94.85000 0.00000 0.00000
94.95000 0.00000 0.06854
95.05000 0.00000 0.00000
95.15000 0.00000 0.06854
95.25000 0.00000 0.00000
95.35000 0.00000 0.00000
95.45000 0.00000 0.20584
95.55000 0.00000 0.00000
95.65000 0.08046 0.00000
95.75000 0.00000 0.13730
95.85000 0.00000 0.06854
95.95000 0.00000 0.06854
96.05000 0.00000 0.06854
96.15000 0.00000 0.00000
96.25000 0.16092 0.00000
96.35000 0.00000 0.00000
96.45000 0.08046 0.06854
96.55000 0.08046 0.00000
96.65000 0.00000 0.00000
96.75000 0.08046 0.00000
96.85000 0.08046 0.06854
96.95000 0.00000 0.06854
97.05000 0.00000 0.20584
97.15000 0.08046 0.13730
97.25000 0.00000 0.06854
97.35000 0.16092 0.06854
97.45000 0.08046 0.06854
97.55000 0.32209 0.06854
97.65000 0.08046 0.13730
97.75000 0.00000 0.13730
97.85000 0.16092 0.20584
97.95000 0.16092 0.06854
98.05000 0.08046 0.13730
98.15000 0.08046 0.13730
98.25000 0.32209 0.00000
98.35000 0.16092 0.13730
98.45000 0.48302 0.27438
98.55000 0.16092 0.00000
98.65000 0.24139 0.41168
98.75000 0.40255 0.34292
98.85000 0.32209 0.27438
98.95000 0.24139 0.54876
99.05000 0.48302 0.13730
99.15000 0.64394 0.27438
99.25000 0.48302 0.27438
99.35000 0.80486 0.54876
99.45000 0.48302 0.41168
99.55000 0.16092 0.54876
99.65000 0.24139 0.54876
99.75000 0.72440 0.61730
99.85000 0.24139 0.41168
99.95000 0.72440 0.13730
100.05000 0.72440 0.34292
100.15000 0.56348 0.34292
100.25000 0.96603 0.61730
100.35000 0.56348 0.27438
100.45000 0.80486 0.48022
100.55000 0.64394 0.54876
100.65000 0.48302 0.61730
100.75000 0.40255 0.75460
100.85000 0.32209 0.82314
100.95000 0.40255 0.34292
101.05000 0.48302 0.41168
101.15000 0.40255 0.27438
101.25000 0.48302 0.41168
101.35000 0.32209 0.06854
101.45000 0.32209 0.48022
101.55000 0.56348 0.27438
101.65000 0.32209 0.48022
101.75000 0.24139 0.13730
101.85000 0.24139 0.41168
101.95000 0.40255 0.27438
102.05000 0.24139 0.27438
102.15000 0.48302 0.27438
102.25000 0.16092 0.13730
102.35000 0.24139 0.20584
102.45000 0.08046 0.20584
102.55000 0.24139 0.34292
102.65000 0.32209 0.13730
102.75000 0.08046 0.13730
102.85000 0.16092 0.13730
102.95000 0.08046 0.20584
103.05000 0.16092 0.00000
103.15000 0.08046 0.13730
103.25000 0.24139 0.00000
103.35000 0.16092 0.06854
103.45000 0.24139 0.06854
103.55000 0.00000 0.20584
103.65000 0.08046 0.13730
103.75000 0.08046 0.13730
103.85000 0.00000 0.00000
103.95000 0.24139 0.00000
104.05000 0.00000 0.13730
104.15000 0.00000 0.06854
104.25000 0.24139 0.27438
104.35000 0.00000 0.06854
104.45000 0.08046 0.00000
104.55000 0.08046 0.13730
104.65000 0.16092 0.00000
104.75000 0.00000 0.00000
104.85000 0.08046 0.00000
104.95000 0.08046 0.06854
105.05000 0.24139 0.06854
105.15000 0.00000 0.06854
105.25000 0.00000 0.00000
105.35000 0.08046 0.00000
105.45000 0.00000 0.06854
105.55000 0.00000 0.00000
105.65000 0.00000 0.06854
105.75000 0.00000 0.00000
105.85000 0.08046 0.06854
105.95000 0.00000 0.06854
106.05000 0.00000 0.00000
106.15000 0.08046 0.00000
106.25000 0.08046 0.00000
106.35000 0.00000 0.00000
106.45000 0.08046 0.00000
106.55000 0.00000 0.00000
106.65000 0.00000 0.06854
106.75000 0.08046 0.06854
106.85000 0.16092 0.00000
106.95000 0.08046 0.00000
107.05000 0.00000 0.13730
107.15000 0.00000 0.00000
107.25000 0.16092 0.06854
107.35000 0.08046 0.06854
107.45000 0.00000 0.06854
107.55000 0.00000 0.00000
107.65000 0.00000 0.06854
107.75000 0.00000 0.00000
107.85000 0.00000 0.00000
107.95000 0.00000 0.06854
108.05000 0.00000 0.06854
108.15000 0.00000 0.06854
108.25000 0.00000 0.00000
108.35000 0.08046 0.00000
108.45000 0.08046 0.00000
108.55000 0.08046 0.00000
108.65000 0.00000 0.00000
108.75000 0.08046 0.00000
108.85000 0.00000 0.13730
108.95000 0.08046 0.00000
109.05000 0.00000 0.06854
109.15000 0.08046 0.06854
109.25000 0.00000 0.06854
109.35000 0.00000 0.06854
109.45000 0.08046 0.06854
109.55000 0.00000 0.06854
109.65000 0.16092 0.06854
109.75000 0.08046 0.06854
109.85000 0.08046 0.06854
109.95000 0.00000 0.00000
110.05000 0.24139 0.06854
110.15000 0.00000 0.27438
110.25000 0.16092 0.00000
110.35000 0.08046 0.00000
110.45000 0.24139 0.13730
110.55000 0.24139 0.00000
110.65000 0.32209 0.13730
110.75000 0.72440 0.13730
110.85000 0.24139 0.20584
110.95000 0.24139 0.20584
111.05000 0.16092 0.27438
111.15000 0.48302 0.34292
111.25000 0.24139 0.48022
111.35000 0.08046 0.34292
111.45000 0.24139 0.27438
111.55000 0.40255 0.20584
111.65000 0.48302 0.20584
111.75000 0.40255 0.20584
111.85000 0.16092 0.54876
111.95000 0.88533 0.27438
112.05000 0.64394 0.61730
112.15000 0.48302 0.82314
112.25000 0.40255 0.54876
112.35000 0.48302 0.48022
112.45000 0.56348 0.41168
112.55000 0.40255 0.48022
112.65000 0.40255 0.68606
112.75000 0.64394 0.68606
112.85000 0.32209 0.54876
112.95000 0.88533 0.68606
113.05000 0.64394 0.48022
113.15000 0.40255 0.27438
113.25000 0.56348 0.34292
113.35000 0.48302 0.75460
113.45000 0.32209 0.13730
113.55000 0.56348 0.41168
113.65000 0.32209 0.54876
113.75000 0.56348 0.48022
113.85000 0.16092 0.13730
113.95000 0.32209 0.41168
114.05000 0.48302 0.27438
114.15000 0.64394 0.54876
114.25000 0.32209 0.61730
114.35000 0.64394 0.41168
114.45000 0.16092 0.48022
114.55000 0.64394 0.27438
114.65000 0.16092 0.20584
114.75000 0.40255 0.13730
114.85000 0.48302 0.13730
114.95000 0.00000 0.34292
115.05000 0.24139 0.13730
115.15000 0.16092 0.20584
115.25000 0.08046 0.27438
115.35000 0.40255 0.27438
115.45000 0.08046 0.06854
115.55000 0.08046 0.20584
115.65000 0.16092 0.00000
115.75000 0.16092 0.13730
115.85000 0.08046 0.13730
115.95000 0.08046 0.13730
116.05000 0.24139 0.20584
116.15000 0.08046 0.00000
116.25000 0.24139 0.27438
116.35000 0.16092 0.00000
116.45000 0.24139 0.13730
116.55000 0.00000 0.00000
116.65000 0.24139 0.06854
116.75000 0.08046 0.13730
116.85000 0.08046 0.06854
116.95000 0.00000 0.06854
117.05000 0.16092 0.00000
117.15000 0.16092 0.06854
117.25000 0.16092 0.00000
117.35000 0.00000 0.13730
117.45000 0.16092 0.00000
117.55000 0.00000 0.06854
117.65000 0.08046 0.06854
117.75000 0.08046 0.00000
117.85000 0.00000 0.00000
117.95000 0.00000 0.13730
118.05000 0.00000 0.13730
118.15000 0.00000 0.00000
118.25000 0.00000 0.20584
118.35000 0.00000 0.06854
118.45000 0.00000 0.00000
118.55000 0.00000 0.00000
118.65000 0.00000 0.00000
118.75000 0.08046 0.20584
118.85000 0.00000 0.06854
118.95000 0.24139 0.00000
119.05000 0.00000 0.00000
119.15000 0.00000 0.00000
119.25000 0.00000 0.00000
119.35000 0.00000 0.00000
119.45000 0.08046 0.00000
119.55000 0.16092 0.00000
119.65000 0.00000 0.06854
119.75000 0.00000 0.00000
119.85000 0.00000 0.00000
119.95000 0.00000 0.00000
120.05000 0.00000 0.00000
120.15000 0.00000 0.00000
120.25000 0.00000 0.00000
120.35000 0.00000 0.00000
120.45000 0.08046 0.00000
120.55000 0.08046 0.06854
120.65000 0.00000 0.00000
120.75000 0.00000 0.00000
120.85000 0.08046 0.00000
120.95000 0.08046 0.00000
121.05000 0.00000 0.00000
121.15000 0.16092 0.00000
121.25000 0.08046 0.06854
121.35000 0.08046 0.00000
121.45000 0.00000 0.00000
121.55000 0.00000 0.00000
121.65000 0.08046 0.06854
121.75000 0.08046 0.06854
121.85000 0.00000 0.00000
121.95000 0.08046 0.00000
122.05000 0.08046 0.06854
122.15000 0.00000 0.00000
122.25000 0.00000 0.00000
122.35000 0.00000 0.00000
122.45000 0.00000 0.00000
122.55000 0.08046 0.00000
122.65000 0.00000 0.27438
122.75000 0.08046 0.20584
122.85000 0.16092 0.00000
122.95000 0.00000 0.06854
123.05000 0.16092 0.00000
123.15000 0.08046 0.00000
123.25000 0.08046 0.27438
123.35000 0.24139 0.06854
123.45000 0.16092 0.13730
123.55000 0.16092 0.20584
123.65000 0.24139 0.13730
123.75000 0.56348 0.13730
123.85000 0.00000 0.27438
123.95000 0.16092 0.06854
124.05000 0.32209 0.13730
124.15000 0.24139 0.41168
124.25000 0.64394 0.20584
124.35000 0.72440 0.20584
124.45000 0.56348 0.20584
124.55000 0.80486 0.48022
124.65000 0.96603 0.48022
124.75000 0.40255 0.68606
124.85000 0.56348 0.41168
124.95000 0.72440 0.34292
125.05000 0.56348 0.54876
125.15000 0.64394 0.89190
125.25000 0.88533 0.54876
125.35000 0.64394 0.41168
125.45000 0.48302 0.41168
125.55000 0.80486 0.82314
125.65000 0.64394 0.68606
125.75000 0.40255 0.41168
125.85000 0.72440 0.34292
125.95000 0.40255 0.61730
126.05000 0.16092 0.82314
126.15000 0.72440 0.27438
126.25000 0.40255 1.02898
126.35000 0.24139 0.48022
126.45000 0.32209 0.06854
126.55000 0.32209 0.48022
126.65000 0.40255 0.54876
126.75000 0.32209 0.27438
126.85000 0.88533 0.20584
126.95000 0.16092 0.41168
127.05000 0.16092 0.27438
127.15000 0.24139 0.20584
127.25000 0.16092 0.41168
127.35000 0.24139 0.34292
127.45000 0.16092 0.20584
127.55000 0.32209 0.13730
127.65000 0.24139 0.13730
127.75000 0.32209 0.06854
127.85000 0.00000 0.13730
127.95000 0.08046 0.00000
128.05000 0.16092 0.06854
128.15000 0.24139 0.27438
128.25000 0.00000 0.27438
128.35000 0.16092 0.41168
128.45000 0.24139 0.20584
128.55000 0.16092 0.27438
128.65000 0.00000 0.06854
128.75000 0.32209 0.13730
128.85000 0.16092 0.00000
128.95000 0.08046 0.00000
129.05000 0.16092 0.06854
129.15000 0.08046 0.00000
129.25000 0.16092 0.06854
129.35000 0.00000 0.06854
129.45000 0.00000 0.13730
129.55000 0.08046 0.06854
129.65000 0.08046 0.00000
129.75000 0.00000 0.00000
129.85000 0.08046 0.06854
129.95000 0.08046 0.00000
130.05000 0.08046 0.13730
130.15000 0.00000 0.00000
130.25000 0.00000 0.00000
130.35000 0.08046 0.06854
130.45000 0.24139 0.06854
130.55000 0.00000 0.06854
130.65000 0.16092 0.00000
130.75000 0.16092 0.27438
130.85000 0.00000 0.13730
130.95000 0.08046 0.00000
131.05000 0.08046 0.00000
131.15000 0.00000 0.13730
131.25000 0.00000 0.00000
131.35000 0.08046 0.00000
131.45000 0.00000 0.00000
131.55000 0.00000 0.20584
131.65000 0.00000 0.00000
131.75000 0.08046 0.00000
131.85000 0.08046 0.00000
131.95000 0.08046 0.00000
132.05000 0.00000 0.00000
132.15000 0.08046 0.00000
132.25000 0.00000 0.00000
132.35000 0.00000 0.00000
132.45000 0.00000 0.00000
132.55000 0.00000 0.00000
132.65000 0.00000 0.00000
132.75000 0.00000 0.00000
132.85000 0.00000 0.00000
132.95000 0.08046 0.00000
133.05000 0.16092 0.00000
133.15000 0.00000 0.00000
133.25000 0.08046 0.06854
133.35000 0.00000 0.00000
133.45000 0.08046 0.00000
133.55000 0.08046 0.00000
133.65000 0.00000 0.06854
133.75000 0.00000 0.13730
133.85000 0.16092 0.00000
133.95000 0.00000 0.06854
134.05000 0.00000 0.00000
134.15000 0.08046 0.06854
134.25000 0.08046 0.00000
134.35000 0.08046 0.00000
134.45000 0.00000 0.06854
134.55000 0.00000 0.06854
134.65000 0.08046 0.00000
134.75000 0.08046 0.06854
134.85000 0.08046 0.00000
134.95000 0.00000 0.20584
135.05000 0.08046 0.00000
135.15000 0.08046 0.06854
135.25000 0.00000 0.00000
135.35000 0.16092 0.20584
135.45000 0.24139 0.13730
135.55000 0.32209 0.00000
135.65000 0.08046 0.06854
135.75000 0.16092 0.06854
135.85000 0.32209 0.00000
135.95000 0.16092 0.20584
136.05000 0.24139 0.20584
136.15000 0.32209 0.27438
136.25000 0.56348 0.27438
136.35000 0.40255 0.00000
136.45000 0.08046 0.27438
136.55000 0.56348 0.20584
136.65000 0.24139 0.61730
136.75000 0.16092 0.27438
136.85000 0.24139 0.41168
136.95000 0.56348 0.61730
137.05000 0.40255 0.61730
137.15000 0.48302 0.41168
137.25000 0.72440 0.13730
137.35000 0.88533 0.13730
137.45000 0.40255 0.61730
137.55000 0.56348 0.48022
137.65000 1.28788 0.48022
137.75000 0.32209 0.13730
137.85000 0.32209 0.75460
137.95000 0.72440 0.82314
138.05000 0.56348 0.34292
138.15000 0.40255 0.27438
138.25000 0.56348 0.61730
138.35000 0.80486 0.54876
138.45000 0.32209 0.34292
138.55000 0.48302 0.68606
138.65000 0.48302 0.54876
138.75000 0.40255 0.27438
138.85000 0.40255 0.13730
138.95000 0.16092 0.48022
139.05000 0.48302 0.20584
139.15000 0.24139 0.41168
139.25000 0.40255 0.20584
139.35000 0.08046 0.34292
139.45000 0.64394 0.20584
139.55000 0.16092 0.41168
139.65000 0.64394 0.34292
139.75000 0.32209 0.34292
139.85000 0.24139 0.34292
139.95000 0.40255 0.06854
140.05000 0.24139 0.27438
140.15000 0.32209 0.34292
140.25000 0.00000 0.34292
140.35000 0.16092 0.27438
140.45000 0.08046 0.06854
140.55000 0.32209 0.48022
140.65000 0.24139 0.13730
140.75000 0.00000 0.13730
140.85000 0.08046 0.20584
140.95000 0.24139 0.20584
141.05000 0.08046 0.13730
141.15000 0.00000 0.13730
141.25000 0.00000 0.06854
141.35000 0.00000 0.20584
141.45000 0.08046 0.00000
141.55000 0.16092 0.13730
141.65000 0.16092 0.06854
141.75000 0.16092 0.06854
141.85000 0.08046 0.00000
141.95000 0.08046 0.06854
142.05000 0.00000 0.13730
142.15000 0.00000 0.00000
142.25000 0.16092 0.00000
142.35000 0.08046 0.00000
142.45000 0.08046 0.20584
142.55000 0.24139 0.06854
142.65000 0.00000 0.00000
142.75000 0.00000 0.06854
142.85000 0.16092 0.06854
142.95000 0.00000 0.00000
143.05000 0.24139 0.00000
143.15000 0.00000 0.00000
143.25000 0.00000 0.00000
143.35000 0.16092 0.13730
143.45000 0.08046 0.00000
143.55000 0.00000 0.00000
143.65000 0.08046 0.06854
143.75000 0.00000 0.00000
143.85000 0.16092 0.06854
143.95000 0.00000 0.00000
144.05000 0.08046 0.00000
144.15000 0.00000 0.00000
144.25000 0.00000 0.06854
144.35000 0.08046 0.00000
144.45000 0.00000 0.00000
144.55000 0.08046 0.00000
144.65000 0.00000 0.06854
144.75000 0.08046 0.00000
144.85000 0.00000 0.00000
144.95000 0.00000 0.00000
145.05000 0.00000 0.00000
145.15000 0.08046 0.00000
145.25000 0.08046 0.13730
145.35000 0.00000 0.00000
145.45000 0.00000 0.06854
145.55000 0.00000 0.06854
145.65000 0.00000 0.00000
145.75000 0.00000 0.06854
145.85000 0.16092 0.13730
145.95000 0.08046 0.13730
146.05000 0.00000 0.06854
146.15000 0.00000 0.00000
146.25000 0.00000 0.00000
146.35000 0.00000 0.00000
146.45000 0.08046 0.06854
146.55000 0.00000 0.00000
146.65000 0.00000 0.06854
146.75000 0.00000 0.06854
146.85000 0.08046 0.00000
146.95000 0.00000 0.27438
147.05000 0.00000 0.00000
147.15000 0.00000 0.06854
147.25000 0.08046 0.06854
147.35000 0.00000 0.00000
147.45000 0.08046 0.13730
147.55000 0.00000 0.00000
147.65000 0.00000 0.00000
147.75000 0.16092 0.00000
147.85000 0.24139 0.06854
147.95000 0.16092 0.00000
148.05000 0.08046 0.20584
148.15000 0.16092 0.20584
148.25000 0.08046 0.13730
148.35000 0.32209 0.06854
148.45000 0.32209 0.27438
148.55000 0.08046 0.13730
148.65000 0.24139 0.00000
148.75000 0.24139 0.06854
148.85000 0.24139 0.34292
148.95000 0.56348 0.27438
149.05000 0.40255 0.27438
149.15000 0.64394 0.20584
149.25000 0.72440 0.06854
149.35000 0.40255 0.20584
149.45000 0.32209 0.54876
149.55000 0.72440 0.48022
149.65000 0.88533 0.13730
149.75000 0.88533 0.48022
149.85000 1.12696 0.61730
149.95000 0.16092 0.48022
150.05000 0.72440 0.61730
150.15000 0.64394 0.48022
150.25000 0.56348 0.27438
150.35000 0.80486 0.68606
150.45000 0.72440 0.82314
150.55000 0.64394 0.27438
150.65000 0.32209 0.41168
150.75000 0.56348 0.48022
150.85000 0.72440 0.61730
150.95000 0.48302 0.41168
151.05000 0.56348 0.13730
151.15000 0.48302 0.48022
151.25000 0.64394 0.34292
151.35000 0.32209 0.13730
151.45000 0.08046 0.27438
151.55000 0.40255 0.20584
151.65000 0.40255 0.61730
151.75000 0.08046 0.41168
151.85000 0.24139 0.41168
151.95000 0.08046 0.20584
152.05000 0.40255 0.13730
152.15000 0.24139 0.41168
152.25000 0.40255 0.34292
152.35000 0.24139 0.41168
152.45000 0.16092 0.06854
152.55000 0.16092 0.34292
152.65000 0.24139 0.27438
152.75000 0.24139 0.13730
152.85000 0.40255 0.20584
152.95000 0.32209 0.20584
153.05000 0.24139 0.20584
153.15000 0.16092 0.06854
153.25000 0.00000 0.13730
153.35000 0.16092 0.06854
153.45000 0.16092 0.06854
153.55000 0.08046 0.06854
153.65000 0.00000 0.06854
153.75000 0.08046 0.06854
153.85000 0.00000 0.06854
153.95000 0.16092 0.27438
154.05000 0.00000 0.06854
154.15000 0.08046 0.00000
154.25000 0.00000 0.13730
154.35000 0.32209 0.06854
154.45000 0.24139 0.00000
154.55000 0.08046 0.06854
154.65000 0.00000 0.13730
154.75000 0.08046 0.06854
154.85000 0.16092 0.20584
154.95000 0.08046 0.13730
155.05000 0.16092 0.06854
155.15000 0.08046 0.13730
155.25000 0.08046 0.00000
155.35000 0.08046 0.13730
155.45000 0.00000 0.13730
155.55000 0.08046 0.00000
155.65000 0.16092 0.00000
155.75000 0.00000 0.00000
155.85000 0.16092 0.06854
155.95000 0.00000 0.06854
156.05000 0.08046 0.00000
156.15000 0.16092 0.06854
156.25000 0.00000 0.00000
156.35000 0.00000 0.06854
156.45000 0.00000 0.00000
156.55000 0.08046 0.00000
156.65000 0.00000 0.00000
156.75000 0.00000 0.00000
156.85000 0.00000 0.00000
156.95000 0.00000 0.00000
157.05000 0.00000 0.00000
157.15000 0.00000 0.13730
157.25000 0.00000 0.00000
157.35000 0.00000 0.00000
157.45000 0.00000 0.00000
157.55000 0.00000 0.00000
157.65000 0.08046 0.06854
157.75000 0.00000 0.00000
157.85000 0.08046 0.00000
157.95000 0.00000 0.00000
158.05000 0.00000 0.00000
158.15000 0.00000 0.06854
158.25000 0.00000 0.00000
158.35000 0.00000 0.00000
158.45000 0.00000 0.00000
158.55000 0.08046 0.00000
158.65000 0.08046 0.06854
158.75000 0.00000 0.00000
158.85000 0.00000 0.06854
158.95000 0.24139 0.00000
159.05000 0.00000 0.00000
159.15000 0.00000 0.00000
159.25000 0.00000 0.06854
159.35000 0.00000 0.00000
159.45000 0.24139 0.06854
159.55000 0.00000 0.00000
159.65000 0.00000 0.00000
159.75000 0.08046 0.00000
159.85000 0.00000 0.06854
159.95000 0.16092 0.00000
160.05000 0.08046 0.00000
160.15000 0.08046 0.00000
160.25000 0.24139 0.13730
160.35000 0.16092 0.00000
160.45000 0.32209 0.00000
160.55000 0.16092 0.00000
160.65000 0.16092 0.00000
160.75000 0.08046 0.13730
160.85000 0.16092 0.27438
160.95000 0.08046 0.20584
161.05000 0.16092 0.20584
161.15000 0.24139 0.06854
161.25000 0.32209 0.20584
161.35000 0.32209 0.13730
161.45000 0.56348 0.34292
161.55000 0.48302 0.27438
161.65000 0.40255 0.20584
161.75000 0.72440 0.34292
161.85000 0.32209 0.48022
161.95000 0.48302 0.61730
162.05000 0.48302 0.34292
162.15000 0.96603 0.34292
162.25000 0.24139 0.54876
162.35000 0.32209 0.34292
162.45000 0.56348 0.41168
162.55000 0.40255 0.48022