#       DD      DA
-168.25 0.00000 0.00000
-168.15 0.00000 0.00000
-168.05 0.00000 0.00000
-167.95 0.00000 0.00000
-167.85 0.00369 0.00354
-167.75 0.00000 0.00708
-167.65 0.00000 0.00000
-167.55 0.00369 0.00354
-167.45 0.00000 0.00000
-167.35 0.00000 0.00354
-167.25 0.00000 0.00000
-167.15 0.00738 0.00000
-167.05 0.00369 0.00354
-166.95 0.00369 0.00000
-166.85 0.00369 0.00000
-166.75 0.00369 0.00000
-166.65 0.00000 0.00000
-166.55 0.00000 0.00000
-166.45 0.00000 0.00000
-166.35 0.00000 0.00354
-166.25 0.00000 0.00000
-166.15 0.00000 0.00000
-166.05 0.00000 0.00000
-165.95 0.00000 0.00000
-165.85 0.00000 0.00354
-165.75 0.00000 0.00708
-165.65 0.00369 0.00000
-165.55 0.00000 0.01062
-165.45 0.00369 0.00354
-165.35 0.00000 0.00000
-165.25 0.00000 0.01062
-165.15 0.00369 0.00708
-165.05 0.00738 0.00708
-164.95 0.00000 0.0177
-164.85 0.00000 0.00708
-164.75 0.00000 0.00708
-164.65 0.00000 0.00000
-164.55 0.01107 0.01062
-164.45 0.00000 0.00354
-164.35 0.00000 0.00354
-164.25 0.01476 0.01062
-164.15 0.01107 0.00354
-164.05 0.00369 0.00354
-163.95 0.01476 0.00708
-163.85 0.01476 0.00708
-163.75 0.01107 0.00354
-163.65 0.01476 0.01416
-163.55 0.01845 0.01062
-163.45 0.01476 0.02124
-163.35 0.01845 0.00708
-163.25 0.00369 0.01062
-163.15 0.02952 0.02124
-163.05 0.03321 0.04248
-162.95 0.00369 0.0177
-162.85 0.02952 0.02478
-162.75 0.02214 0.03894
-162.65 0.02952 0.02124
-162.55 0.02214 0.01416
-162.45 0.02583 0.02124
-162.35 0.01476 0.03186
-162.25 0.01845 0.0354
-162.15 0.04059 0.02124
-162.05 0.01845 0.01062
-161.95 0.01107 0.02478
-161.85 0.01845 0.03186
-161.75 0.04428 0.01416
-161.65 0.02214 0.02832
-161.55 0.01476 0.03186
-161.45 0.01845 0.02124
-161.35 0.02952 0.0177
-161.25 0.03321 0.0177
-161.15 0.02952 0.0177
-161.05 0.03321 0.02124
-160.95 0.02214 0.02832
-160.85 0.01107 0.01062
-160.75 0.01845 0.03186
-160.65 0.00738 0.01416
-160.55 0.01845 0.00354
-160.45 0.01845 0.01062
-160.35 0.01476 0.0177
-160.25 0.00738 0.01416
-160.15 0.00738 0.01062
-160.05 0.01107 0.00354
-159.95 0.00369 0.01416
-159.85 0.00738 0.01062
-159.75 0.01107 0.01062
-159.65 0.01476 0.00708
-159.55 0.00369 0.01062
-159.45 0.00738 0.00708
-159.35 0.00738 0.00000
-159.25 0.00369 0.00354
-159.15 0.00738 0.00000
-159.05 0.00738 0.00354
-158.95 0.00000 0.00354
-158.85 0.00000 0.00354
-158.75 0.00738 0.00000
-158.65 0.00000 0.00000
-158.55 0.00738 0.00000
-158.45 0.00369 0.00354
-158.35 0.00369 0.00354
-158.25 0.00369 0.00354
-158.15 0.00738 0.00000
-158.05 0.00000 0.00708
-157.95 0.00738 0.00000
-157.85 0.00369 0.00000
-157.75 0.00369 0.00354
-157.65 0.00369 0.00000
-157.55 0.00000 0.00000
-157.45 0.00000 0.00708
-157.35 0.00000 0.00354
-157.25 0.00000 0.00000
-157.15 0.00369 0.00354
-157.05 0.00369 0.00000
-156.95 0.00369 0.00000
-156.85 0.00000 0.00708
-156.75 0.00369 0.00000
-156.65 0.00369 0.00354
-156.55 0.00738 0.00708
-156.45 0.00738 0.00000
-156.35 0.00369 0.00354
-156.25 0.00000 0.00000
-156.15 0.00369 0.00354
-156.05 0.00369 0.00000
-155.95 0.00000 0.00354
-155.85 0.00000 0.00000
-155.75 0.00000 0.00000
-155.65 0.00000 0.00354
-155.55 0.00369 0.00354
-155.45 0.00000 0.00000
-155.35 0.00000 0.00000
-155.25 0.00369 0.00354
-155.15 0.00000 0.00000
-155.05 0.00369 0.00000
-154.95 0.00369 0.00000
-154.85 0.00369 0.00000
-154.75 0.00000 0.00000
-154.65 0.00000 0.00000
-154.55 0.00738 0.00000
-154.45 0.00369 0.00000
-154.35 0.00000 0.00000
-154.25 0.00000 0.00000
-154.15 0.00369 0.00000
-154.05 0.00738 0.00354
-153.95 0.00000 0.00000
-153.85 0.00000 0.00000
-153.75 0.00000 0.00708
-153.65 0.00000 0.00354
-153.55 0.00369 0.00708
-153.45 0.00000 0.00708
-153.35 0.00000 0.00000
-153.25 0.00000 0.00000
-153.15 0.00738 0.00354
-153.05 0.00369 0.00000
-152.95 0.00000 0.00354
-152.85 0.00369 0.00000
-152.75 0.00369 0.00354
-152.65 0.00000 0.00354
-152.55 0.00000 0.00000
-152.45 0.01476 0.01416
-152.35 0.00369 0.00354
-152.25 0.00738 0.00708
-152.15 0.00738 0.00354
-152.05 0.00369 0.00708
-151.95 0.01107 0.00354
-151.85 0.00369 0.01062
-151.75 0.00369 0.00354
-151.65 0.00369 0.01062
-151.55 0.01476 0.00708
-151.45 0.00369 0.01062
-151.35 0.01476 0.0177
-151.25 0.01107 0.00354
-151.15 0.01107 0.00708
-151.05 0.00738 0.0177
-150.95 0.00738 0.00708
-150.85 0.01845 0.01062
-150.75 0.01476 0.0177
-150.65 0.01845 0.02124
-150.55 0.01476 0.0177
-150.45 0.02214 0.0177
-150.35 0.03321 0.01062
-150.25 0.02214 0.02478
-150.15 0.02214 0.01416
-150.05 0.01476 0.00708
-149.95 0.01107 0.01416
-149.85 0.01476 0.04602
-149.75 0.02583 0.04248
-149.65 0.01476 0.01416
-149.55 0.03321 0.02832
-149.45 0.02214 0.02832
-149.35 0.03321 0.03186
-149.25 0.0369 0.03186
-149.15 0.02214 0.02124
-149.05 0.01845 0.0177
-148.95 0.01845 0.03186
-148.85 0.02583 0.0177
-148.75 0.01107 0.01062
-148.65 0.01476 0.02832
-148.55 0.00738 0.01416
-148.45 0.01845 0.00000
-148.35 0.00738 0.0177
-148.25 0.01107 0.0177
-148.15 0.01107 0.02124
-148.05 0.00369 0.0177
-147.95 0.00738 0.01416
-147.85 0.01476 0.02832
-147.75 0.02214 0.00708
-147.65 0.01845 0.0177
-147.55 0.01107 0.02478
-147.45 0.01476 0.00708
-147.35 0.00738 0.0177
-147.25 0.01107 0.01062
-147.15 0.01476 0.00708
-147.05 0.00738 0.00354
-146.95 0.01107 0.0177
-146.85 0.00000 0.00708
-146.75 0.00369 0.00000
-146.65 0.01107 0.01062
-146.55 0.00738 0.00354
-146.45 0.00738 0.00708
-146.35 0.00738 0.00354
-146.25 0.00369 0.01062
-146.15 0.00738 0.00000
-146.05 0.00000 0.00000
-145.95 0.00369 0.00708
-145.85 0.00000 0.00000
-145.75 0.00369 0.00354
-145.65 0.00369 0.00708
-145.55 0.00000 0.01062
-145.45 0.00000 0.00000
-145.35 0.00369 0.00354
-145.25 0.00369 0.00000
-145.15 0.00000 0.00708
-145.05 0.01107 0.00000
-144.95 0.00000 0.00000
-144.85 0.00369 0.00000
-144.75 0.01107 0.00000
-144.65 0.00000 0.00000
-144.55 0.00369 0.00354
-144.45 0.00000 0.00000
-144.35 0.00000 0.00354
-144.25 0.00000 0.00354
-144.15 0.00000 0.00354
-144.05 0.00000 0.00000
-143.95 0.00000 0.00354
-143.85 0.00000 0.00354
-143.75 0.00369 0.00354
-143.65 0.00000 0.00000
-143.55 0.00000 0.00000
-143.45 0.00000 0.00000
-143.35 0.00000 0.00354
-143.25 0.00369 0.00000
-143.15 0.00000 0.00000
-143.05 0.00369 0.00000
-142.95 0.00000 0.00000
-142.85 0.00000 0.00000
-142.75 0.00000 0.00000
-142.65 0.00000 0.00000
-142.55 0.00369 0.00000
-142.45 0.00000 0.00000
-142.35 0.00738 0.00354
-142.25 0.00000 0.00000
-142.15 0.00000 0.00000
-142.05 0.00000 0.00354
-141.95 0.00000 0.00000
-141.85 0.00000 0.00354
-141.75 0.00738 0.00000
-141.65 0.00000 0.00354
-141.55 0.00000 0.00000
-141.45 0.00369 0.00354
-141.35 0.00000 0.00354
-141.25 0.00000 0.01062
-141.15 0.00000 0.00000
-141.05 0.00369 0.00000
-140.95 0.00000 0.00000
-140.85 0.00000 0.00354
-140.75 0.00000 0.00354
-140.65 0.00369 0.00354
-140.55 0.01476 0.00354
-140.45 0.00369 0.00000
-140.35 0.00000 0.01062
-140.25 0.00000 0.00000
-140.15 0.00369 0.01062
-140.05 0.00369 0.00000
-139.95 0.00369 0.00354
-139.85 0.00000 0.00708
-139.75 0.00369 0.00000
-139.65 0.00369 0.00000
-139.55 0.00738 0.00000
-139.45 0.00369 0.01062
-139.35 0.00369 0.00000
-139.25 0.00369 0.00708
-139.15 0.01476 0.00354
-139.05 0.00000 0.01416
-138.95 0.01107 0.00708
-138.85 0.00738 0.00000
-138.75 0.02952 0.00708
-138.65 0.01476 0.01062
-138.55 0.01845 0.00708
-138.45 0.00738 0.01416
-138.35 0.02214 0.02124
-138.25 0.01476 0.03186
-138.15 0.02583 0.00000
-138.05 0.01476 0.01062
-137.95 0.01476 0.01416
-137.85 0.02214 0.02124
-137.75 0.02214 0.02832
-137.65 0.02583 0.0177
-137.55 0.03321 0.03186
-137.45 0.01107 0.01416
-137.35 0.01107 0.01062
-137.25 0.04797 0.0354
-137.15 0.04059 0.01416
-137.05 0.02952 0.02832
-136.95 0.01845 0.02124
-136.85 0.0369 0.0177
-136.75 0.02583 0.0354
-136.65 0.01845 0.0177
-136.55 0.02583 0.0177
-136.45 0.02214 0.01416
-136.35 0.02583 0.0177
-136.25 0.01107 0.01416
-136.15 0.02583 0.00708
-136.05 0.02214 0.01062
-135.95 0.01845 0.01062
-135.85 0.00738 0.03186
-135.75 0.01845 0.02832
-135.65 0.00369 0.00708
-135.55 0.00738 0.01062
-135.45 0.01845 0.02478
-135.35 0.01107 0.00354
-135.25 0.00738 0.00708
-135.15 0.00369 0.00000
-135.05 0.01107 0.01062
-134.95 0.00738 0.01062
-134.85 0.01476 0.02478
-134.75 0.01476 0.01062
-134.65 0.00000 0.00708
-134.55 0.00369 0.00354
-134.45 0.01476 0.00354
-134.35 0.01476 0.00354
-134.25 0.01107 0.00354
-134.15 0.00738 0.01062
-134.05 0.01107 0.00354
-133.95 0.00369 0.00354
-133.85 0.00738 0.01416
-133.75 0.00738 0.00000
-133.65 0.00738 0.00708
-133.55 0.00369 0.00708
-133.45 0.00000 0.00354
-133.35 0.00369 0.00354
-133.25 0.00369 0.00354
-133.15 0.00369 0.00354
-133.05 0.00000 0.00354
-132.95 0.00369 0.00000
-132.85 0.00000 0.00708
-132.75 0.00369 0.00000
-132.65 0.00000 0.00354
-132.55 0.00369 0.00354
-132.45 0.00369 0.00354
-132.35 0.00369 0.00000
-132.25 0.00369 0.00000
-132.15 0.00369 0.00354
-132.05 0.00369 0.00000
-131.95 0.00000 0.00000
-131.85 0.00000 0.00354
-131.75 0.00000 0.00000
-131.65 0.00000 0.00354
-131.55 0.00738 0.00000
-131.45 0.00369 0.00354
-131.35 0.00369 0.00354
-131.25 0.00000 0.00000
-131.15 0.00000 0.00354
-131.05 0.00000 0.00354
-130.95 0.00000 0.00708
-130.85 0.00000 0.00000
-130.75 0.00000 0.00000
-130.65 0.00369 0.00708
-130.55 0.00000 0.00354
-130.45 0.00000 0.00000
-130.35 0.00000 0.00000
-130.25 0.00000 0.00354
-130.15 0.00000 0.00354
-130.05 0.00369 0.00000
-129.95 0.00369 0.00000
-129.85 0.00000 0.00000
-129.75 0.00000 0.00000
-129.65 0.00000 0.00000
-129.55 0.00000 0.00000
-129.45 0.00369 0.00000
-129.35 0.00000 0.00354
-129.25 0.00000 0.00354
-129.15 0.00000 0.00354
-129.05 0.00369 0.00354
-128.95 0.00369 0.00354
-128.85 0.00000 0.00000
-128.75 0.00369 0.00354
-128.65 0.00000 0.00000
-128.55 0.00000 0.00354
-128.45 0.00000 0.00000
-128.35 0.00369 0.01062
-128.25 0.00000 0.00708
-128.15 0.00738 0.01062
-128.05 0.00369 0.00000
-127.95 0.00000 0.00708
-127.85 0.00369 0.00354
-127.75 0.00000 0.00000
-127.65 0.00738 0.01062
-127.55 0.00369 0.00354
-127.45 0.00000 0.00708
-127.35 0.00369 0.00708
-127.25 0.00000 0.00354
-127.15 0.00369 0.00354
-127.05 0.00738 0.00000
-126.95 0.00369 0.00000
-126.85 0.00369 0.01062
-126.75 0.00369 0.00354
-126.65 0.00738 0.00354
-126.55 0.00369 0.00354
-126.45 0.00369 0.01416
-126.35 0.00000 0.00708
-126.25 0.00369 0.0177
-126.15 0.01476 0.01416
-126.05 0.01107 0.00000
-125.95 0.01476 0.02124
-125.85 0.01476 0.01062
-125.75 0.02952 0.01062
-125.65 0.01845 0.01416
-125.55 0.01845 0.02124
-125.45 0.02952 0.02478
-125.35 0.0369 0.02478
-125.25 0.04059 0.02832
-125.15 0.0369 0.0531
-125.05 0.02583 0.03894
-124.95 0.02583 0.02124
-124.85 0.01476 0.02124
-124.75 0.02583 0.03894
-124.65 0.01476 0.02124
-124.55 0.04428 0.0177
-124.45 0.01476 0.02832
-124.35 0.04059 0.0354
-124.25 0.01476 0.00354
-124.15 0.01845 0.0531
-124.05 0.00369 0.02478
-123.95 0.01845 0.02124
-123.85 0.01845 0.02832
-123.75 0.02583 0.01062
-123.65 0.01476 0.01416
-123.55 0.01107 0.0177
-123.45 0.01107 0.0177
-123.35 0.02214 0.01062
-123.25 0.00369 0.01416
-123.15 0.00369 0.01416
-123.05 0.00369 0.00708
-122.95 0.00738 0.0177
-122.85 0.01107 0.01416
-122.75 0.00738 0.00354
-122.65 0.02214 0.00354
-122.55 0.01107 0.01416
-122.45 0.00369 0.01062
-122.35 0.01107 0.00000
-122.25 0.00738 0.02124
-122.15 0.00369 0.00354
-122.05 0.01476 0.00708
-121.95 0.00738 0.01416
-121.85 0.00369 0.01062
-121.75 0.00369 0.00000
-121.65 0.00369 0.01062
-121.55 0.00738 0.01062
-121.45 0.01107 0.00708
-121.35 0.00369 0.00354
-121.25 0.01107 0.00000
-121.15 0.01107 0.00000
-121.05 0.00738 0.00000
-120.95 0.00369 0.00000
-120.85 0.00369 0.00708
-120.75 0.00000 0.00708
-120.65 0.00738 0.00708
-120.55 0.00369 0.01062
-120.45 0.00369 0.00000
-120.35 0.00369 0.00354
-120.25 0.00738 0.00000
-120.15 0.00738 0.00354
-120.05 0.00000 0.01062
-119.95 0.00369 0.00000
-119.85 0.00369 0.00000
-119.75 0.00000 0.00000
-119.65 0.00000 0.00354
-119.55 0.00000 0.00000
-119.45 0.00000 0.00000
-119.35 0.00369 0.00354
-119.25 0.00738 0.00000
-119.15 0.00369 0.00354
-119.05 0.00369 0.00354
-118.95 0.00369 0.00354
-118.85 0.00000 0.00354
-118.75 0.00000 0.00354
-118.65 0.00000 0.00000
-118.55 0.00000 0.00354
-118.45 0.00369 0.00354
-118.35 0.00369 0.00000
-118.25 0.00000 0.00000
-118.15 0.00738 0.00000
-118.05 0.00000 0.00000
-117.95 0.00000 0.00000
-117.85 0.00369 0.00354
-117.75 0.00000 0.00354
-117.65 0.00000 0.00000
-117.55 0.00000 0.00000
-117.45 0.00738 0.00000
-117.35 0.00369 0.00354
-117.25 0.00369 0.00354
-117.15 0.00369 0.00000
-117.05 0.00369 0.00000
-116.95 0.00000 0.00000
-116.85 0.00000 0.00708
-116.75 0.00000 0.01062
-116.65 0.00000 0.00000
-116.55 0.00000 0.00354
-116.45 0.00000 0.00000
-116.35 0.00000 0.00000
-116.25 0.00000 0.00000
-116.15 0.00000 0.00354
-116.05 0.00000 0.00000
-115.95 0.00000 0.00000
-115.85 0.00369 0.00000
-115.75 0.00000 0.00000
-115.65 0.00369 0.01062
-115.55 0.00369 0.00000
-115.45 0.00000 0.00000
-115.35 0.00000 0.00354
-115.25 0.00000 0.00354
-115.15 0.00000 0.00708
-115.05 0.00369 0.01062
-114.95 0.00000 0.00354
-114.85 0.01107 0.00000
-114.75 0.00369 0.00354
-114.65 0.00738 0.01062
-114.55 0.01107 0.00354
-114.45 0.00369 0.01062
-114.35 0.01107 0.00708
-114.25 0.00738 0.00708
-114.15 0.01476 0.0177
-114.05 0.00738 0.00354
-113.95 0.00369 0.01062
-113.85 0.01476 0.00354
-113.75 0.00369 0.01062
-113.65 0.02952 0.00354
-113.55 0.01476 0.01416
-113.45 0.01107 0.01062
-113.35 0.01845 0.0177
-113.25 0.01845 0.03186
-113.15 0.01476 0.02478
-113.05 0.01845 0.0177
-112.95 0.02214 0.0177
-112.85 0.02583 0.03186
-112.75 0.01845 0.02478
-112.65 0.0369 0.03894
-112.55 0.02952 0.0354
-112.45 0.02583 0.0354
-112.35 0.02214 0.03186
-112.25 0.02952 0.01062
-112.15 0.02952 0.02124
-112.05 0.0369 0.02124
-111.95 0.03321 0.0354
-111.85 0.01845 0.0177
-111.75 0.01476 0.03186
-111.65 0.01845 0.02478
-111.55 0.01476 0.04248
-111.45 0.01476 0.01416
-111.35 0.02214 0.03186
-111.25 0.01845 0.01062
-111.15 0.02583 0.01416
-111.05 0.01476 0.0177
-110.95 0.01107 0.01416
-110.85 0.00000 0.01416
-110.75 0.01107 0.01416
-110.65 0.00369 0.00708
-110.55 0.01476 0.02124
-110.45 0.00738 0.00708
-110.35 0.01107 0.01062
-110.25 0.01107 0.00354
-110.15 0.02214 0.00000
-110.05 0.01845 0.01416
-109.95 0.00369 0.00708
-109.85 0.01107 0.00708
-109.75 0.01107 0.00354
-109.65 0.00738 0.00354
-109.55 0.01107 0.00000
-109.45 0.01845 0.01062
-109.35 0.00738 0.00708
-109.25 0.00000 0.01062
-109.15 0.01107 0.01416
-109.05 0.00738 0.00000
-108.95 0.00738 0.00000
-108.85 0.00000 0.0177
-108.75 0.00369 0.00708
-108.65 0.00738 0.00708
-108.55 0.00369 0.00708
-108.45 0.00369 0.00354
-108.35 0.00369 0.00354
-108.25 0.01107 0.01062
-108.15 0.00369 0.00708
-108.05 0.00369 0.00354
-107.95 0.00000 0.00000
-107.85 0.00000 0.00354
-107.75 0.00369 0.00000
-107.65 0.00369 0.00000
-107.55 0.00000 0.00000
-107.45 0.00369 0.01062
-107.35 0.00000 0.01062
-107.25 0.00000 0.00354
-107.15 0.00369 0.00354
-107.05 0.00000 0.00708
-106.95 0.00369 0.01062
-106.85 0.00369 0.00000
-106.75 0.00000 0.00000
-106.65 0.00000 0.00708
-106.55 0.00000 0.00000
-106.45 0.00000 0.00000
-106.35 0.00000 0.00354
-106.25 0.00000 0.00000
-106.15 0.00000 0.00354
-106.05 0.00000 0.00000
-105.95 0.00000 0.00000
-105.85 0.00000 0.00000
-105.75 0.00369 0.00000
-105.65 0.00000 0.00354
-105.55 0.00369 0.00000
-105.45 0.00000 0.00000
-105.35 0.00000 0.00354
-105.25 0.00000 0.00354
-105.15 0.00000 0.00000
-105.05 0.00000 0.00354
-104.95 0.00000 0.00000
-104.85 0.00000 0.00000
-104.75 0.00000 0.00000
-104.65 0.00000 0.00000
-104.55 0.00369 0.00000
-104.45 0.00000 0.00354
-104.35 0.00000 0.01062
-104.25 0.00738 0.00354
-104.15 0.00369 0.00000
-104.05 0.00369 0.00000
-103.95 0.00000 0.00708
-103.85 0.00738 0.00000
-103.75 0.00000 0.00000
-103.65 0.00000 0.00354
-103.55 0.00000 0.00000
-103.45 0.00369 0.00000
-103.35 0.00000 0.00000
-103.25 0.00000 0.00354
-103.15 0.00000 0.00354
-103.05 0.00000 0.00000
-102.95 0.00000 0.00000
-102.85 0.00738 0.00000
-102.75 0.00000 0.00000
-102.65 0.00369 0.00000
-102.55 0.00369 0.00708
-102.45 0.00369 0.00354
-102.35 0.00000 0.00708
-102.25 0.00369 0.01416
-102.15 0.00369 0.00354
-102.05 0.01107 0.01416
-101.95 0.00738 0.01062
-101.85 0.00738 0.00708
-101.75 0.00738 0.00354
-101.65 0.00369 0.00708
-101.55 0.00738 0.00354
-101.45 0.00738 0.00708
-101.35 0.00738 0.02124
-101.25 0.01845 0.01416
-101.15 0.01107 0.01062
-101.05 0.01107 0.02124
-100.95 0.01476 0.01062
-100.85 0.02583 0.0177
-100.75 0.01476 0.01062
-100.65 0.01845 0.0177
-100.55 0.01107 0.02478
-100.45 0.04059 0.0177
-100.35 0.0369 0.02478
-100.25 0.01476 0.02478
-100.15 0.02952 0.02124
-100.05 0.04059 0.02832
-99.95 0.02952 0.02832
-99.85 0.03321 0.0177
-99.75 0.00738 0.02124
-99.65 0.02214 0.01062
-99.55 0.02583 0.02124
-99.45 0.02583 0.02832
-99.35 0.03321 0.02832
-99.25 0.02952 0.04248
-99.15 0.01107 0.00708
-99.05 0.02952 0.01062
-98.95 0.02214 0.0177
-98.85 0.02952 0.0177
-98.75 0.02583 0.02832
-98.65 0.01845 0.00708
-98.55 0.01845 0.02832
-98.45 0.02952 0.0177
-98.35 0.02583 0.02832
-98.25 0.00738 0.02124
-98.15 0.00738 0.0177
-98.05 0.01845 0.01062
-97.95 0.00738 0.01416
-97.85 0.01107 0.00000
-97.75 0.00738 0.00708
-97.65 0.01476 0.00354
-97.55 0.01107 0.00708
-97.45 0.01476 0.01416
-97.35 0.01107 0.00708
-97.25 0.01107 0.00354
-97.15 0.00738 0.00000
-97.05 0.00369 0.01416
-96.95 0.00369 0.0177
-96.85 0.00369 0.00000
-96.75 0.00738 0.01416
-96.65 0.01107 0.00000
-96.55 0.00000 0.01062
-96.45 0.01107 0.00354
-96.35 0.00369 0.00708
-96.25 0.00738 0.00708
-96.15 0.00000 0.00000
-96.05 0.00000 0.00354
-95.95 0.00000 0.00000
-95.85 0.00738 0.00000
-95.75 0.01107 0.00000
-95.65 0.00369 0.00354
-95.55 0.00738 0.00000
-95.45 0.00369 0.00354
-95.35 0.00000 0.00354
-95.25 0.00369 0.00000
-95.15 0.00000 0.00354
-95.05 0.00369 0.00708
-94.95 0.00369 0.01062
-94.85 0.00369 0.00000
-94.75 0.00000 0.00000
-94.65 0.00369 0.00354
-94.55 0.01476 0.00354
-94.45 0.00000 0.01062
-94.35 0.00000 0.00354
-94.25 0.00000 0.00000
-94.15 0.00000 0.00354
-94.05 0.00369 0.00354
-93.95 0.00000 0.00354
-93.85 0.00000 0.00354
-93.75 0.00369 0.00354
-93.65 0.00000 0.00708
-93.55 0.00000 0.00354
-93.45 0.00000 0.00000
-93.35 0.00000 0.00000
-93.25 0.00369 0.00000
-93.15 0.00369 0.00354
-93.05 0.00369 0.00000
-92.95 0.00000 0.00354
-92.85 0.00000 0.00000
-92.75 0.00000 0.00000
-92.65 0.00369 0.00000
-92.55 0.00369 0.00000
-92.45 0.00000 0.00000
-92.35 0.00000 0.00000
-92.25 0.00000 0.00000
-92.15 0.00369 0.00000
-92.05 0.00000 0.00000
-91.95 0.00000 0.00000
-91.85 0.00000 0.00354
-91.75 0.00369 0.00354
-91.65 0.00369 0.00354
-91.55 0.00000 0.00000
-91.45 0.00369 0.00708
-91.35 0.00738 0.00354
-91.25 0.00369 0.00354
-91.15 0.00000 0.00354
-91.05 0.00369 0.00708
-90.95 0.00000 0.00354
-90.85 0.00369 0.00000
-90.75 0.00369 0.00000
-90.65 0.00738 0.00354
-90.55 0.00000 0.00354
-90.45 0.00738 0.00354
-90.35 0.00000 0.00354
-90.25 0.00738 0.00000
-90.15 0.00369 0.00000
-90.05 0.00369 0.00354
-89.95 0.01107 0.00354
-89.85 0.01107 0.01062
-89.75 0.00738 0.00354
-89.65 0.00369 0.00000
-89.55 0.00738 0.01416
-89.45 0.00369 0.01416
-89.35 0.01476 0.01062
-89.25 0.01107 0.02478
-89.15 0.00369 0.00708
-89.05 0.00738 0.01416
-88.95 0.00369 0.00354
-88.85 0.00369 0.01416
-88.75 0.01107 0.01062
-88.65 0.00738 0.01062
-88.55 0.01107 0.00708
-88.45 0.01476 0.00708
-88.35 0.01845 0.01062
-88.25 0.02583 0.03186
-88.15 0.01476 0.00354
-88.05 0.02214 0.02478
-87.95 0.01845 0.0177
-87.85 0.01107 0.02478
-87.75 0.02214 0.02478
-87.65 0.01107 0.01062
-87.55 0.02214 0.02124
-87.45 0.01476 0.0531
-87.35 0.03321 0.0177
-87.25 0.04059 0.03186
-87.15 0.01107 0.0177
-87.05 0.01845 0.02832
-86.95 0.04059 0.02124
-86.85 0.02583 0.0177
-86.75 0.02952 0.0177
-86.65 0.01107 0.00708
-86.55 0.01476 0.03186
-86.45 0.01107 0.03186
-86.35 0.04797 0.01416
-86.25 0.02952 0.00708
-86.15 0.02583 0.01416
-86.05 0.01107 0.01416
-85.95 0.02214 0.02124
-85.85 0.01107 0.02124
-85.75 0.01107 0.02124
-85.65 0.00738 0.01416
-85.55 0.00738 0.0177
-85.45 0.00369 0.00708
-85.35 0.00738 0.02478
-85.25 0.01476 0.01416
-85.15 0.00738 0.00708
-85.05 0.01107 0.01062
-84.95 0.01845 0.0177
-84.85 0.01476 0.00354
-84.75 0.00369 0.00708
-84.65 0.00369 0.00708
-84.55 0.00000 0.00354
-84.45 0.01845 0.01062
-84.35 0.00369 0.00354
-84.25 0.01107 0.00708
-84.15 0.00369 0.00354
-84.05 0.00369 0.0177
-83.95 0.00000 0.00354
-83.85 0.00738 0.00708
-83.75 0.01476 0.00708
-83.65 0.00738 0.00708
-83.55 0.00369 0.00354
-83.45 0.00738 0.00000
-83.35 0.01107 0.01416
-83.25 0.00369 0.00708
-83.15 0.00000 0.00354
-83.05 0.00000 0.00000
-82.95 0.00000 0.00000
-82.85 0.00738 0.00000
-82.75 0.00000 0.00708
-82.65 0.00369 0.00000
-82.55 0.00000 0.00354
-82.45 0.00369 0.00708
-82.35 0.00369 0.00000
-82.25 0.01107 0.00000
-82.15 0.00369 0.00000
-82.05 0.00369 0.00000
-81.95 0.00000 0.00000
-81.85 0.00000 0.00354
-81.75 0.00738 0.00000
-81.65 0.00369 0.00354
-81.55 0.00369 0.00354
-81.45 0.00738 0.00000
-81.35 0.00369 0.00000
-81.25 0.00000 0.00000
-81.15 0.00369 0.00354
-81.05 0.01107 0.00000
-80.95 0.00000 0.00000
-80.85 0.00369 0.00354
-80.75 0.00000 0.00354
-80.65 0.00000 0.00000
-80.55 0.00000 0.00000
-80.45 0.00000 0.00000
-80.35 0.00000 0.00000
-80.25 0.00369 0.00000
-80.15 0.00369 0.00000
-80.05 0.00000 0.00000
-79.95 0.00000 0.00000
-79.85 0.00369 0.00000
-79.75 0.00369 0.00000
-79.65 0.00000 0.00708
-79.55 0.00000 0.00354
-79.45 0.00000 0.00000
-79.35 0.00000 0.00000
-79.25 0.00000 0.00000
-79.15 0.00369 0.00000
-79.05 0.00000 0.00000
-78.95 0.00000 0.00000
-78.85 0.00000 0.00000
-78.75 0.00000 0.00354
-78.65 0.00369 0.00000
-78.55 0.00000 0.00000
-78.45 0.00000 0.00354
-78.35 0.00369 0.00000
-78.25 0.00369 0.00000
-78.15 0.00000 0.00354
-78.05 0.00000 0.00354
-77.95 0.00738 0.00354
-77.85 0.00000 0.00000
-77.75 0.01107 0.00354
-77.65 0.00000 0.00000
-77.55 0.00000 0.00000
-77.45 0.00369 0.00000
-77.35 0.00000 0.00354
-77.25 0.00000 0.00354
-77.15 0.00000 0.00708
-77.05 0.01107 0.00354
-76.95 0.00000 0.00708
-76.85 0.01476 0.00354
-76.75 0.01107 0.01062
-76.65 0.01107 0.00708
-76.55 0.01845 0.00354
-76.45 0.00000 0.00708
-76.35 0.01107 0.01416
-76.25 0.01476 0.00354
-76.15 0.01107 0.01062
-76.05 0.01476 0.02832
-75.95 0.01845 0.00354
-75.85 0.00738 0.01416
-75.75 0.00738 0.00354
-75.65 0.01845 0.0177
-75.55 0.01845 0.02478
-75.45 0.03321 0.02478
-75.35 0.02583 0.0177
-75.25 0.01845 0.01062
-75.15 0.01845 0.02124
-75.05 0.02214 0.01062
-74.95 0.01107 0.02124
-74.85 0.01476 0.0354
-74.75 0.02214 0.02832
-74.65 0.03321 0.01062
-74.55 0.02214 0.01416
-74.45 0.01845 0.02124
-74.35 0.02214 0.0177
-74.25 0.03321 0.02478
-74.15 0.02952 0.02478
-74.05 0.01845 0.02124
-73.95 0.01107 0.02124
-73.85 0.03321 0.0177
-73.75 0.01476 0.00708
-73.65 0.01845 0.01416
-73.55 0.01476 0.00708
-73.45 0.00000 0.01416
-73.35 0.02214 0.01062
-73.25 0.01476 0.02478
-73.15 0.01476 0.01416
-73.05 0.00738 0.01416
-72.95 0.02583 0.01062
-72.85 0.01845 0.01062
-72.75 0.02214 0.02124
-72.65 0.01107 0.00708
-72.55 0.01476 0.00708
-72.45 0.01476 0.01062
-72.35 0.00369 0.0177
-72.25 0.01107 0.00708
-72.15 0.00738 0.00354
-72.05 0.00369 0.00000
-71.95 0.00369 0.00354
-71.85 0.00369 0.00354
-71.75 0.00369 0.00708
-71.65 0.01476 0.00708
-71.55 0.00369 0.00000
-71.45 0.01107 0.00354
-71.35 0.00738 0.00708
-71.25 0.00738 0.00708
-71.15 0.00369 0.00354
-71.05 0.00369 0.00354
-70.95 0.00369 0.00354
-70.85 0.00369 0.00354
-70.75 0.00369 0.00354
-70.65 0.00000 0.00708
-70.55 0.00369 0.00354
-70.45 0.00738 0.00708
-70.35 0.00369 0.00354
-70.25 0.00369 0.00708
-70.15 0.00000 0.00000
-70.05 0.00369 0.00708
-69.95 0.00000 0.01062
-69.85 0.00369 0.00000
-69.75 0.00000 0.00000
-69.65 0.00000 0.00000
-69.55 0.00369 0.00000
-69.45 0.00000 0.00000
-69.35 0.00000 0.00000
-69.25 0.00369 0.00354
-69.15 0.00000 0.00000
-69.05 0.00000 0.00000
-68.95 0.00000 0.00000
-68.85 0.00369 0.00354
-68.75 0.00000 0.00354
-68.65 0.00000 0.00000
-68.55 0.00369 0.00000
-68.45 0.00000 0.00000
-68.35 0.00369 0.00000
-68.25 0.00000 0.00354
-68.15 0.00369 0.00354
-68.05 0.00369 0.00000
-67.95 0.00000 0.00354
-67.85 0.00000 0.00000
-67.75 0.00000 0.00000
-67.65 0.00369 0.00708
-67.55 0.00000 0.00354
-67.45 0.00000 0.00708
-67.35 0.00369 0.00708
-67.25 0.00000 0.00354
-67.15 0.00369 0.00354
-67.05 0.00369 0.00000
-66.95 0.00000 0.00000
-66.85 0.00000 0.00000
-66.75 0.00369 0.00000
-66.65 0.00000 0.00000
-66.55 0.00369 0.00000
-66.45 0.00000 0.00000
-66.35 0.00000 0.00354
-66.25 0.00000 0.00000
-66.15 0.00000 0.00354
-66.05 0.00369 0.00000
-65.95 0.00369 0.00000
-65.85 0.01476 0.00000
-65.75 0.00000 0.00000
-65.65 0.00369 0.00000
-65.55 0.00000 0.00708
-65.45 0.00000 0.00000
-65.35 0.00369 0.00354
-65.25 0.00369 0.00708
-65.15 0.00369 0.00000
-65.05 0.00369 0.00000
-64.95 0.00000 0.00354
-64.85 0.00738 0.00708
-64.75 0.00369 0.01062
-64.65 0.00000 0.00354
-64.55 0.00738 0.00354
-64.45 0.00000 0.00000
-64.35 0.00738 0.01062
-64.25 0.00369 0.00354
-64.15 0.00738 0.00708
-64.05 0.01107 0.0177
-63.95 0.01476 0.01062
-63.85 0.00738 0.02478
-63.75 0.00369 0.00708
-63.65 0.01476 0.01062
-63.55 0.01845 0.00354
-63.45 0.02214 0.01062
-63.35 0.02214 0.02478
-63.25 0.01845 0.03186
-63.15 0.02214 0.02124
-63.05 0.01107 0.02478
-62.95 0.01107 0.0177
-62.85 0.01107 0.01062
-62.75 0.0369 0.02124
-62.65 0.02583 0.0177
-62.55 0.02214 0.02124
-62.45 0.04428 0.03894
-62.35 0.01845 0.0177
-62.25 0.02952 0.04602
-62.15 0.0369 0.02832
-62.05 0.03321 0.02478
-61.95 0.01845 0.03186
-61.85 0.02214 0.02478
-61.75 0.02214 0.01416
-61.65 0.01107 0.02124
-61.55 0.01107 0.03186
-61.45 0.02583 0.00708
-61.35 0.01845 0.00708
-61.25 0.02583 0.02832
-61.15 0.01845 0.02124
-61.05 0.02214 0.01416
-60.95 0.04428 0.00354
-60.85 0.00369 0.0177
-60.75 0.00369 0.01416
-60.65 0.01476 0.02478
-60.55 0.00369 0.01062
-60.45 0.01476 0.02124
-60.35 0.00369 0.0177
-60.25 0.00369 0.0177
-60.15 0.01107 0.01062
-60.05 0.00738 0.01416
-59.95 0.00369 0.01062
-59.85 0.00738 0.01062
-59.75 0.00369 0.0177
-59.65 0.00738 0.0177
-59.55 0.01107 0.00708
-59.45 0.00000 0.00000
-59.35 0.00369 0.00000
-59.25 0.00369 0.01416
-59.15 0.01107 0.00708
-59.05 0.00000 0.00708
-58.95 0.00369 0.00000
-58.85 0.01107 0.00354
-58.75 0.00369 0.00354
-58.65 0.00369 0.00000
-58.55 0.00369 0.01062
-58.45 0.00369 0.01062
-58.35 0.00000 0.00000
-58.25 0.00369 0.00354
-58.15 0.00369 0.00000
-58.05 0.00369 0.00708
-57.95 0.00369 0.00000
-57.85 0.00369 0.00354
-57.75 0.00000 0.00000
-57.65 0.00369 0.00000
-57.55 0.00369 0.00354
-57.45 0.00000 0.01416
-57.35 0.01476 0.00000
-57.25 0.00000 0.00000
-57.15 0.00000 0.00708
-57.05 0.00738 0.00000
-56.95 0.00369 0.00708
-56.85 0.00000 0.00000
-56.75 0.00000 0.00000
-56.65 0.00369 0.00000
-56.55 0.00000 0.00354
-56.45 0.00369 0.00354
-56.35 0.00000 0.00354
-56.25 0.00369 0.00000
-56.15 0.00738 0.00000
-56.05 0.00738 0.00354
-55.95 0.00369 0.00000
-55.85 0.00369 0.00000
-55.75 0.00369 0.00000
-55.65 0.00000 0.00000
-55.55 0.00000 0.00000
-55.45 0.00000 0.00000
-55.35 0.00000 0.00000
-55.25 0.00369 0.00000
-55.15 0.00369 0.00000
-55.05 0.00000 0.00000
-54.95 0.00000 0.00000
-54.85 0.00000 0.00354
-54.75 0.00000 0.00000
-54.65 0.00000 0.00000
-54.55 0.00369 0.00354
-54.45 0.00000 0.00354
-54.35 0.00000 0.00000
-54.25 0.00000 0.00000
-54.15 0.00000 0.00000
-54.05 0.00369 0.00000
-53.95 0.00000 0.00000
-53.85 0.00369 0.00354
-53.75 0.00000 0.00708
-53.65 0.00369 0.00000
-53.55 0.00369 0.00354
-53.45 0.00369 0.00354
-53.35 0.00000 0.00000
-53.25 0.00000 0.00354
-53.15 0.00000 0.00000
-53.05 0.00000 0.00000
-52.95 0.00000 0.00000
-52.85 0.00369 0.00000
-52.75 0.00000 0.00000
-52.65 0.00369 0.00000
-52.55 0.00369 0.00354
-52.45 0.00000 0.00354
-52.35 0.00738 0.00000
-52.25 0.01107 0.00354
-52.15 0.00369 0.00354
-52.05 0.01107 0.01062
-51.95 0.01107 0.00000
-51.85 0.00738 0.00000
-51.75 0.00738 0.00000
-51.65 0.01107 0.01062
-51.55 0.00369 0.01416
-51.45 0.01476 0.01416
-51.35 0.00738 0.00354
-51.25 0.01107 0.01416
-51.15 0.01476 0.00708
-51.05 0.02952 0.01062
-50.95 0.01107 0.00708
-50.85 0.01476 0.02124
-50.75 0.01107 0.02832
-50.65 0.01107 0.00354
-50.55 0.02583 0.01062
-50.45 0.01107 0.03186
-50.35 0.01845 0.02832
-50.25 0.01845 0.02478
-50.15 0.02214 0.0354
-50.05 0.02583 0.02832
-49.95 0.02214 0.02478
-49.85 0.04428 0.01062
-49.75 0.02583 0.02832
-49.65 0.02952 0.0177
-49.55 0.01476 0.01416
-49.45 0.01476 0.0354
-49.35 0.02583 0.00708
-49.25 0.02583 0.0354
-49.15 0.01845 0.0177
-49.05 0.02952 0.02832
-48.95 0.02214 0.00708
-48.85 0.01476 0.02478
-48.75 0.02952 0.0177
-48.65 0.02583 0.01416
-48.55 0.01845 0.02478
-48.45 0.01107 0.01416
-48.35 0.00738 0.00354
-48.25 0.01845 0.02478
-48.15 0.00369 0.0177
-48.05 0.01845 0.02478
-47.95 0.02583 0.01062
-47.85 0.02952 0.0177
-47.75 0.01107 0.0177
-47.65 0.00738 0.01062
-47.55 0.02214 0.00708
-47.45 0.00738 0.00708
-47.35 0.00369 0.00354
-47.25 0.00000 0.00708
-47.15 0.01107 0.00000
-47.05 0.00369 0.00354
-46.95 0.01107 0.01062
-46.85 0.00369 0.00708
-46.75 0.00738 0.00708
-46.65 0.01476 0.00354
-46.55 0.00738 0.00354
-46.45 0.01107 0.00708
-46.35 0.00738 0.00000
-46.25 0.00738 0.00000
-46.15 0.01107 0.00000
-46.05 0.00738 0.00000
-45.95 0.00000 0.00354
-45.85 0.01476 0.00354
-45.75 0.00738 0.00354
-45.65 0.00000 0.00000
-45.55 0.00000 0.00000
-45.45 0.00000 0.00354
-45.35 0.00000 0.00000
-45.25 0.00369 0.00354
-45.15 0.00000 0.00000
-45.05 0.00000 0.00000
-44.95 0.01107 0.00000
-44.85 0.00000 0.00354
-44.75 0.00369 0.00354
-44.65 0.00000 0.00354
-44.55 0.00369 0.00708
-44.45 0.00000 0.00708
-44.35 0.00369 0.00000
-44.25 0.00000 0.00354
-44.15 0.00369 0.00354
-44.05 0.00000 0.00000
-43.95 0.00000 0.00354
-43.85 0.00369 0.00000
-43.75 0.00000 0.00000
-43.65 0.00000 0.00000
-43.55 0.00000 0.00000
-43.45 0.00000 0.00000
-43.35 0.00000 0.00354
-43.25 0.00738 0.00000
-43.15 0.00369 0.00708
-43.05 0.00000 0.00354
-42.95 0.00369 0.00354
-42.85 0.00000 0.00354
-42.75 0.00000 0.00000
-42.65 0.00000 0.00000
-42.55 0.00000 0.00000
-42.45 0.00000 0.00354
-42.35 0.00000 0.00354
-42.25 0.00000 0.00000
-42.15 0.00000 0.00000
-42.05 0.00000 0.00000
-41.95 0.00369 0.00000
-41.85 0.00000 0.00000
-41.75 0.00369 0.00000
-41.65 0.00369 0.00354
-41.55 0.00369 0.00354
-41.45 0.00000 0.00000
-41.35 0.00369 0.00000
-41.25 0.00738 0.00708
-41.15 0.00000 0.00000
-41.05 0.00738 0.00000
-40.95 0.00000 0.00000
-40.85 0.00000 0.00354
-40.75 0.00000 0.00000
-40.65 0.00000 0.00354
-40.55 0.00369 0.00000
-40.45 0.00000 0.00354
-40.35 0.00369 0.00354
-40.25 0.00000 0.01062
-40.15 0.00369 0.00708
-40.05 0.01107 0.00354
-39.95 0.00000 0.00000
-39.85 0.00369 0.00354
-39.75 0.00000 0.00708
-39.65 0.00738 0.00354
-39.55 0.00369 0.00708
-39.45 0.00000 0.00000
-39.35 0.00738 0.01062
-39.25 0.01845 0.00354
-39.15 0.01107 0.00708
-39.05 0.01107 0.00708
-38.95 0.00738 0.0177
-38.85 0.01107 0.01416
-38.75 0.00000 0.01062
-38.65 0.01845 0.01062
-38.55 0.02214 0.02124
-38.45 0.00000 0.00354
-38.35 0.00738 0.02478
-38.25 0.01476 0.01416
-38.15 0.01476 0.0354
-38.05 0.0369 0.02124
-37.95 0.02952 0.01062
-37.85 0.01107 0.02478
-37.75 0.02214 0.0354
-37.65 0.02214 0.0177
-37.55 0.01845 0.0177
-37.45 0.03321 0.02478
-37.35 0.04059 0.02124
-37.25 0.02952 0.01062
-37.15 0.02583 0.01062
-37.05 0.01476 0.01416
-36.95 0.03321 0.01416
-36.85 0.02583 0.02478
-36.75 0.00369 0.0177
-36.65 0.02214 0.02124
-36.55 0.01107 0.02832
-36.45 0.01476 0.02832
-36.35 0.02214 0.01416
-36.25 0.01845 0.0177
-36.15 0.01107 0.00708
-36.05 0.02214 0.01416
-35.95 0.00369 0.00708
-35.85 0.01107 0.02124
-35.75 0.03321 0.0177
-35.65 0.00738 0.01416
-35.55 0.01107 0.01062
-35.45 0.02583 0.00354
-35.35 0.01845 0.00354
-35.25 0.00369 0.00354
-35.15 0.00369 0.01416
-35.05 0.00369 0.00354
-34.95 0.00369 0.00708
-34.85 0.01107 0.01062
-34.75 0.00738 0.00354
-34.65 0.01107 0.00354
-34.55 0.01476 0.02124
-34.45 0.00738 0.00708
-34.35 0.00738 0.00708
-34.25 0.00000 0.00708
-34.15 0.00738 0.00000
-34.05 0.01107 0.00708
-33.95 0.00738 0.00708
-33.85 0.00000 0.00354
-33.75 0.00369 0.00708
-33.65 0.00369 0.00000
-33.55 0.00000 0.00000
-33.45 0.01107 0.00708
-33.35 0.00369 0.00708
-33.25 0.00369 0.00000
-33.15 0.00000 0.00000
-33.05 0.00369 0.00708
-32.95 0.01107 0.00708
-32.85 0.00000 0.00354
-32.75 0.01107 0.00354
-32.65 0.00369 0.00354
-32.55 0.00369 0.00354
-32.45 0.00000 0.00354
-32.35 0.00369 0.00354
-32.25 0.00000 0.00000
-32.15 0.00000 0.00000
-32.05 0.00000 0.00354
-31.95 0.00369 0.00354
-31.85 0.00369 0.00000
-31.75 0.00000 0.00708
-31.65 0.00738 0.00000
-31.55 0.00000 0.00000
-31.45 0.00369 0.00000
-31.35 0.00369 0.00000
-31.25 0.00000 0.00000
-31.15 0.00369 0.00000
-31.05 0.00000 0.00000
-30.95 0.00369 0.00000
-30.85 0.00000 0.00000
-30.75 0.00000 0.00354
-30.65 0.00000 0.00354
-30.55 0.00000 0.00354
-30.45 0.00000 0.00354
-30.35 0.00369 0.00354
-30.25 0.00369 0.00000
-30.15 0.00000 0.00000
-30.05 0.00369 0.00000
-29.95 0.00000 0.00000
-29.85 0.00369 0.00000
-29.75 0.00000 0.00354
-29.65 0.00000 0.00000
-29.55 0.00000 0.00000
-29.45 0.00000 0.00000
-29.35 0.00000 0.00000
-29.25 0.00000 0.00708
-29.15 0.00000 0.00354
-29.05 0.00000 0.00354
-28.95 0.00000 0.00000
-28.85 0.00000 0.00000
-28.75 0.00000 0.00354
-28.65 0.00000 0.00354
-28.55 0.00000 0.00000
-28.45 0.01476 0.00000
-28.35 0.00369 0.00000
-28.25 0.00369 0.00708
-28.15 0.00000 0.01062
-28.05 0.00000 0.00354
-27.95 0.00000 0.00000
-27.85 0.00000 0.00354
-27.75 0.00369 0.00000
-27.65 0.00369 0.00354
-27.55 0.00000 0.00354
-27.45 0.00369 0.00000
-27.35 0.00000 0.00354
-27.25 0.00369 0.00000
-27.15 0.00738 0.00000
-27.05 0.01107 0.00708
-26.95 0.00738 0.00354
-26.85 0.00369 0.01062
-26.75 0.00000 0.00354
-26.65 0.00738 0.00000
-26.55 0.01107 0.01062
-26.45 0.01107 0.00708
-26.35 0.00000 0.00708
-26.25 0.00369 0.01416
-26.15 0.00369 0.0177
-26.05 0.00369 0.00354
-25.95 0.01845 0.0177
-25.85 0.01107 0.0177
-25.75 0.01107 0.01416
-25.65 0.01476 0.01062
-25.55 0.02952 0.00708
-25.45 0.04059 0.0177
-25.35 0.01476 0.02478
-25.25 0.02952 0.01416
-25.15 0.0369 0.02478
-25.05 0.02583 0.02124
-24.95 0.02214 0.02832
-24.85 0.01476 0.01416
-24.75 0.01476 0.02832
-24.65 0.01107 0.0354
-24.55 0.02583 0.02478
-24.45 0.01107 0.02478
-24.35 0.00738 0.0177
-24.25 0.02583 0.02832
-24.15 0.01845 0.00708
-24.05 0.01107 0.0354
-23.95 0.02214 0.02478
-23.85 0.00738 0.01062
-23.75 0.01476 0.01416
-23.65 0.01107 0.02124
-23.55 0.02952 0.0354
-23.45 0.01107 0.00708
-23.35 0.01107 0.00354
-23.25 0.00738 0.00354
-23.15 0.01107 0.00354
-23.05 0.00369 0.00708
-22.95 0.03321 0.02124
-22.85 0.00369 0.01416
-22.75 0.00738 0.02124
-22.65 0.00738 0.01062
-22.55 0.00000 0.00000
-22.45 0.01476 0.00354
-22.35 0.01107 0.01062
-22.25 0.00369 0.01062
-22.15 0.00738 0.00354
-22.05 0.01107 0.0177
-21.95 0.00369 0.00354
-21.85 0.00738 0.00708
-21.75 0.00738 0.01062
-21.65 0.00369 0.00354
-21.55 0.00369 0.01416
-21.45 0.00738 0.00708
-21.35 0.00000 0.00708
-21.25 0.00000 0.00708
-21.15 0.00738 0.00354
-21.05 0.00000 0.00354
-20.95 0.00369 0.00708
-20.85 0.01476 0.01062
-20.75 0.00000 0.00354
-20.65 0.00000 0.00708
-20.55 0.01107 0.00354
-20.45 0.00369 0.00708
-20.35 0.00000 0.00354
-20.25 0.00738 0.00354
-20.15 0.01107 0.00000
-20.05 0.01476 0.00354
-19.95 0.00369 0.00354
-19.85 0.00369 0.00354
-19.75 0.00369 0.00354
-19.65 0.00369 0.00000
-19.55 0.00369 0.00000
-19.45 0.00000 0.00000
-19.35 0.00000 0.00354
-19.25 0.00369 0.00354
-19.15 0.00000 0.00000
-19.05 0.00369 0.00354
-18.95 0.00369 0.00000
-18.85 0.00000 0.00354
-18.75 0.00369 0.00354
-18.65 0.01107 0.00000
-18.55 0.00000 0.00354
-18.45 0.00000 0.00000
-18.35 0.00000 0.00354
-18.25 0.00369 0.00000
-18.15 0.00000 0.00000
-18.05 0.00000 0.00000
-17.95 0.00000 0.00354
-17.85 0.00000 0.00000
-17.75 0.00000 0.00000
-17.65 0.00000 0.00000
-17.55 0.00369 0.00000
-17.45 0.00000 0.00000
-17.35 0.00000 0.00000
-17.25 0.00369 0.00000
-17.15 0.00000 0.00000
-17.05 0.00000 0.00000
-16.95 0.00000 0.00000
-16.85 0.00000 0.00000
-16.75 0.00369 0.00354
-16.65 0.00000 0.00000
-16.55 0.00000 0.00000
-16.45 0.00369 0.00000
-16.35 0.00000 0.00000
-16.25 0.00000 0.00000
-16.15 0.00000 0.00354
-16.05 0.00000 0.00354
-15.95 0.00000 0.00354
-15.85 0.00000 0.00000
-15.75 0.00000 0.00354
-15.65 0.00000 0.00354
-15.55 0.00369 0.00354
-15.45 0.00369 0.00708
-15.35 0.00000 0.00000
-15.25 0.00369 0.00000
-15.15 0.00000 0.00354
-15.05 0.00738 0.00354
-14.95 0.00369 0.00354
-14.85 0.00000 0.00708
-14.75 0.00369 0.00708
-14.65 0.00000 0.00354
-14.55 0.01107 0.00708
-14.45 0.00369 0.00000
-14.35 0.00000 0.00354
-14.25 0.00369 0.00708
-14.15 0.00369 0.01416
-14.05 0.01107 0.00000
-13.95 0.00369 0.00708
-13.85 0.00369 0.00354
-13.75 0.01845 0.01062
-13.65 0.00738 0.0354
-13.55 0.01845 0.0177
-13.45 0.00738 0.01062
-13.35 0.00369 0.01062
-13.25 0.00369 0.01416
-13.15 0.00369 0.02124
-13.05 0.02952 0.01416
-12.95 0.02214 0.00354
-12.85 0.00738 0.00708
-12.75 0.02583 0.0177
-12.65 0.02583 0.02478
-12.55 0.01107 0.03186
-12.45 0.02214 0.03186
-12.35 0.00738 0.01416
-12.25 0.02214 0.02832
-12.15 0.01476 0.0177
-12.05 0.04059 0.01416
-11.95 0.03321 0.0177
-11.85 0.01845 0.0177
-11.75 0.02214 0.0177
-11.65 0.01845 0.0177
-11.55 0.01107 0.02124
-11.45 0.00369 0.00354
-11.35 0.00369 0.00708
-11.25 0.00738 0.0177
-11.15 0.01107 0.0177
-11.05 0.01107 0.01062
-10.95 0.00738 0.00000
-10.85 0.01476 0.00708
-10.75 0.01845 0.0177
-10.65 0.00369 0.01416
-10.55 0.01845 0.01062
-10.45 0.00369 0.00708
-10.35 0.00369 0.0177
-10.25 0.00369 0.00708
-10.15 0.01107 0.00354
-10.05 0.01476 0.00000
-9.95 0.01845 0.02124
-9.85 0.00000 0.00708
-9.75 0.00738 0.00708
-9.65 0.00738 0.0177
-9.55 0.00369 0.01062
-9.45 0.01107 0.00354
-9.35 0.00369 0.00000
-9.25 0.00369 0.00000
-9.15 0.00369 0.00708
-9.05 0.00000 0.00354
-8.95 0.00369 0.00354
-8.85 0.01107 0.01062
-8.75 0.00000 0.00354
-8.65 0.00000 0.00354
-8.55 0.00000 0.01062
-8.45 0.00738 0.00000
-8.35 0.00369 0.00000
-8.25 0.00369 0.00354
-8.15 0.00000 0.00000
-8.05 0.00369 0.00000
-7.95 0.00738 0.00000
-7.85 0.00369 0.00354
-7.75 0.00369 0.00000
-7.65 0.00369 0.00354
-7.55 0.00000 0.00708
-7.45 0.00000 0.00354
-7.35 0.00000 0.00354
-7.25 0.00000 0.00354
-7.15 0.00369 0.00000
-7.05 0.00369 0.00000
-6.95 0.00738 0.00000
-6.85 0.00000 0.00000
-6.75 0.00369 0.00708
-6.65 0.00000 0.00354
-6.55 0.00369 0.00354
-6.45 0.00369 0.00000
-6.35 0.00369 0.00000
-6.25 0.00000 0.00000
-6.15 0.00000 0.00000
-6.05 0.00000 0.00354
-5.95 0.00000 0.00000
-5.85 0.00369 0.00000
-5.75 0.00000 0.00000
-5.65 0.00000 0.00000
-5.55 0.00738 0.00000
-5.45 0.00000 0.00000
-5.35 0.00000 0.00000
-5.25 0.00000 0.00000
-5.15 0.00000 0.00000
-5.05 0.00000 0.00000
-4.95 0.00000 0.00000
-4.85 0.00000 0.00000
-4.75 0.00000 0.00000
-4.65 0.00369 0.00000
-4.55 0.00000 0.00000
-4.45 0.00000 0.00354
-4.35 0.00000 0.00000
-4.25 0.00000 0.00000
-4.15 0.00000 0.00000
-4.05 0.00000 0.00354
-3.95 0.00000 0.00000
-3.85 0.00000 0.00354
-3.75 0.00369 0.00000
-3.65 0.00000 0.00000
-3.55 0.00000 0.00000
-3.45 0.00369 0.00000
-3.35 0.00000 0.00354
-3.25 0.00000 0.00000
-3.15 0.00369 0.00000
-3.05 0.00369 0.00000
-2.95 0.00369 0.00000
-2.85 0.00738 0.00000
-2.75 0.00000 0.00000
-2.65 0.00000 0.00000
-2.55 0.00369 0.00000
-2.45 0.00369 0.00354
-2.35 0.00000 0.00000
-2.25 0.00000 0.00354
-2.15 0.00000 0.00354
-2.05 0.00369 0.00000
-1.95 0.00369 0.00000
-1.85 0.00000 0.00354
-1.75 0.00369 0.00708
-1.65 0.00000 0.00354
-1.55 0.00000 0.00000
-1.45 0.00369 0.00000
-1.35 0.00369 0.00000
-1.25 0.00369 0.00708
-1.15 0.01476 0.00000
-1.05 0.00369 0.00708
-0.95 0.00369 0.00354
-0.85 0.02214 0.00354
-0.75 0.01845 0.00000
-0.65 0.02214 0.00708
-0.55 0.02214 0.01416
-0.45 0.04059 0.00708
-0.35 0.03321 0.01062
-0.25 0.05904 0.02478
-0.15 0.09594 0.0177
-0.05 0.11808 0.02124
0.05 0.12177 0.04248
0.15 0.1845 0.0354
0.25 0.16236 0.02478
0.35 0.16236 0.04602
0.45 0.16974 0.0177
0.55 0.16605 0.04602
0.65 0.15867 0.04602
0.75 0.14022 0.03186
0.85 0.13284 0.0177
0.95 0.1107 0.02124
1.05 0.15129 0.02478
1.15 0.1107 0.00708
1.25 0.09594 0.03894
1.35 0.1107 0.01416
1.45 0.10701 0.02124
1.55 0.0738 0.02124
1.65 0.06642 0.03186
1.75 0.04428 0.02478
1.85 0.04428 0.02124
1.95 0.05904 0.02478
2.05 0.0369 0.0177
2.15 0.01845 0.03186
2.25 0.02214 0.01062
2.35 0.01107 0.0354
2.45 0.0369 0.02478
2.55 0.01845 0.03186
2.65 0.01476 0.02124
2.75 0.00738 0.02478
2.85 0.01107 0.03186
2.95 0.01107 0.02124
3.05 0.01845 0.0354
3.15 0.00369 0.01062
3.25 0.01107 0.02832
3.35 0.00738 0.01416
3.45 0.00369 0.0177
3.55 0.00000 0.01062
3.65 0.01476 0.00708
3.75 0.00369 0.0177
3.85 0.00369 0.01416
3.95 0.00000 0.00708
4.05 0.00738 0.00354
4.15 0.00738 0.0177
4.25 0.00738 0.01062
4.35 0.00000 0.00000
4.45 0.01107 0.00000
4.55 0.01107 0.00354
4.65 0.00369 0.00000
4.75 0.00738 0.00000
4.85 0.00369 0.00708
4.95 0.00738 0.00354
5.05 0.00369 0.00354
5.15 0.00369 0.00000
5.25 0.00000 0.00000
5.35 0.00000 0.00708
5.45 0.00369 0.00000
5.55 0.00000 0.00000
5.65 0.00369 0.00000
5.75 0.00000 0.00708
5.85 0.00000 0.00000
5.95 0.00000 0.00354
6.05 0.00000 0.00000
6.15 0.00369 0.00354
6.25 0.00369 0.00354
6.35 0.00000 0.00000
6.45 0.00000 0.00708
6.55 0.00000 0.00000
6.65 0.00000 0.00000
6.75 0.00000 0.00000
6.85 0.00738 0.00354
6.95 0.00000 0.00000
7.05 0.00000 0.00354
7.15 0.00000 0.00354
7.25 0.00000 0.00000
7.35 0.00369 0.00000
7.45 0.00000 0.00354
7.55 0.00000 0.00000
7.65 0.00000 0.00000
7.75 0.00000 0.00000
7.85 0.00000 0.00000
7.95 0.00000 0.00000
8.05 0.00000 0.00354
8.15 0.00000 0.00354
8.25 0.00369 0.00354
8.35 0.00000 0.00354
8.45 0.00000 0.00354
8.55 0.00369 0.00000
8.65 0.00000 0.00000
8.75 0.00000 0.00354
8.85 0.00000 0.00354
8.95 0.00000 0.00354
9.05 0.00000 0.00000
9.15 0.00000 0.00000
9.25 0.00000 0.00000
9.35 0.00000 0.00000
9.45 0.00000 0.00000
9.55 0.00369 0.00000
9.65 0.00000 0.00354
9.75 0.00000 0.00000
9.85 0.00369 0.00000
9.95 0.00369 0.00354
10.05 0.00000 0.00000
10.15 0.00000 0.00708
10.25 0.00000 0.00000
10.35 0.00369 0.00000
10.45 0.00000 0.00708
10.55 0.00738 0.00708
10.65 0.00738 0.00354
10.75 0.00738 0.00354
10.85 0.01107 0.00708
10.95 0.00738 0.00708
11.05 0.00000 0.00000
11.15 0.01107 0.00000
11.25 0.00738 0.00000
11.35 0.01107 0.0177
11.45 0.01845 0.01416
11.55 0.01476 0.01062
11.65 0.02214 0.00354
11.75 0.02214 0.00354
11.85 0.00000 0.0177
11.95 0.02214 0.01062
12.05 0.01476 0.02124
12.15 0.01845 0.01416
12.25 0.02583 0.01416
12.35 0.01845 0.02478
12.45 0.00369 0.02124
12.55 0.00738 0.0354
12.65 0.01476 0.02124
12.75 0.01845 0.02478
12.85 0.00738 0.02478
12.95 0.04059 0.01416
13.05 0.04059 0.02124
13.15 0.01845 0.05664
13.25 0.00738 0.01416
13.35 0.02214 0.0177
13.45 0.02952 0.0177
13.55 0.02214 0.02124
13.65 0.01107 0.01416
13.75 0.01476 0.02478
13.85 0.02583 0.02832
13.95 0.00738 0.01416
14.05 0.01476 0.0177
14.15 0.01107 0.01416
14.25 0.01476 0.01062
14.35 0.01107 0.02124
14.45 0.01476 0.01416
14.55 0.01845 0.01062
14.65 0.01476 0.01062
14.75 0.00738 0.02124
14.85 0.01845 0.01416
14.95 0.01476 0.00354
15.05 0.00000 0.00354
15.15 0.00738 0.01416
15.25 0.00738 0.00708
15.35 0.00369 0.01062
15.45 0.01107 0.00354
15.55 0.01107 0.00354
15.65 0.00000 0.00708
15.75 0.00369 0.00708
15.85 0.00000 0.01062
15.95 0.00369 0.00354
16.05 0.01107 0.01416
16.15 0.00000 0.00354
16.25 0.02214 0.00000
16.35 0.00369 0.00708
16.45 0.00000 0.00000
16.55 0.00738 0.00708
16.65 0.00369 0.00354
16.75 0.00000 0.00708
16.85 0.00000 0.00000
16.95 0.00000 0.00708
17.05 0.00000 0.00708
17.15 0.00000 0.00354
17.25 0.00369 0.00708
17.35 0.00738 0.00000
17.45 0.00369 0.00708
17.55 0.00000 0.00000
17.65 0.00000 0.00000
17.75 0.00000 0.00354
17.85 0.00000 0.00708
17.95 0.00000 0.00000
18.05 0.00369 0.00354
18.15 0.00000 0.00000
18.25 0.00000 0.00000
18.35 0.00000 0.00000
18.45 0.00369 0.00000
18.55 0.00369 0.00000
18.65 0.00000 0.00000
18.75 0.00000 0.00000
18.85 0.00369 0.00354
18.95 0.00000 0.00000
19.05 0.00000 0.00000
19.15 0.00000 0.00000
19.25 0.00000 0.00708
19.35 0.00000 0.00000
19.45 0.00369 0.00354
19.55 0.00369 0.00000
19.65 0.00000 0.00000
19.75 0.00000 0.00000
19.85 0.00369 0.00000
19.95 0.00000 0.00354
20.05 0.00000 0.00000
20.15 0.00369 0.00000
20.25 0.00000 0.00000
20.35 0.00369 0.00000
20.45 0.00000 0.00000
20.55 0.00000 0.00000
20.65 0.00000 0.00000
20.75 0.00000 0.00000
20.85 0.00000 0.00708
20.95 0.00369 0.00000
21.05 0.00369 0.00354
21.15 0.00369 0.00000
21.25 0.00000 0.00000
21.35 0.00000 0.00000
21.45 0.00738 0.00354
21.55 0.00369 0.00000
21.65 0.00369 0.00708
21.75 0.00000 0.00000
21.85 0.00000 0.00354
21.95 0.00369 0.00354
22.05 0.00000 0.00000
22.15 0.00369 0.00000
22.25 0.00000 0.00000
22.35 0.00000 0.00354
22.45 0.00000 0.00000
22.55 0.00000 0.00000
22.65 0.00000 0.00000
22.75 0.00000 0.00000
22.85 0.01476 0.00000
22.95 0.00738 0.00354
23.05 0.00738 0.01416
23.15 0.01845 0.00708
23.25 0.00369 0.00000
23.35 0.00369 0.0177
23.45 0.00738 0.00708
23.55 0.00000 0.01416
23.65 0.01845 0.01062
23.75 0.00369 0.00708
23.85 0.01476 0.01062
23.95 0.02214 0.01062
24.05 0.00738 0.01062
24.15 0.01107 0.0177
24.25 0.01476 0.01062
24.35 0.02214 0.0177
24.45 0.01845 0.01416
24.55 0.0369 0.01416
24.65 0.04428 0.01416
24.75 0.03321 0.0177
24.85 0.02583 0.00708
24.95 0.01845 0.01062
25.05 0.01845 0.02478
25.15 0.02214 0.02478
25.25 0.02214 0.04602
25.35 0.02214 0.0177
25.45 0.01845 0.02478
25.55 0.01845 0.02832
25.65 0.01476 0.02124
25.75 0.03321 0.01416
25.85 0.02583 0.02124
25.95 0.02583 0.03894
26.05 0.00369 0.02124
26.15 0.02214 0.02478
26.25 0.02214 0.0177
26.35 0.01845 0.01416
26.45 0.01107 0.0177
26.55 0.01845 0.00708
26.65 0.01845 0.00354
26.75 0.02214 0.01062
26.85 0.01476 0.01062
26.95 0.00738 0.01062
27.05 0.01845 0.00708
27.15 0.01107 0.00708
27.25 0.02214 0.0177
27.35 0.00000 0.01062
27.45 0.00369 0.01062
27.55 0.01845 0.00000
27.65 0.00738 0.0177
27.75 0.01476 0.00708
27.85 0.00738 0.00708
27.95 0.00369 0.01062
28.05 0.00369 0.00354
28.15 0.00369 0.00708
28.25 0.00738 0.00708
28.35 0.01107 0.01062
28.45 0.00000 0.01062
28.55 0.00369 0.00000
28.65 0.00738 0.00354
28.75 0.00738 0.00708
28.85 0.00000 0.00354
28.95 0.00369 0.00354
29.05 0.00369 0.00000
29.15 0.00738 0.00354
29.25 0.00369 0.00000
29.35 0.00369 0.00000
29.45 0.00369 0.00354
29.55 0.00000 0.00000
29.65 0.00369 0.00000
29.75 0.00369 0.00354
29.85 0.00000 0.00354
29.95 0.00369 0.01062
30.05 0.00000 0.00000
30.15 0.00369 0.00354
30.25 0.00369 0.00354
30.35 0.00369 0.00354
30.45 0.00369 0.00708
30.55 0.00000 0.00354
30.65 0.00369 0.00354
30.75 0.00000 0.00354
30.85 0.00000 0.00708
30.95 0.00369 0.00000
31.05 0.00000 0.00354
31.15 0.00000 0.00000
31.25 0.00369 0.00000
31.35 0.00369 0.00000
31.45 0.00369 0.00000
31.55 0.00000 0.00000
31.65 0.00000 0.00000
31.75 0.00000 0.00000
31.85 0.00738 0.00000
31.95 0.00369 0.00354
32.05 0.00000 0.00354
32.15 0.00000 0.00000
32.25 0.00000 0.00000
32.35 0.00000 0.00000
32.45 0.00000 0.00000
32.55 0.00000 0.00000
32.65 0.00000 0.00354
32.75 0.00000 0.00000
32.85 0.00369 0.00000
32.95 0.00000 0.00000
33.05 0.00000 0.00708
33.15 0.00000 0.00354
33.25 0.00000 0.00000
33.35 0.00000 0.00000
33.45 0.00000 0.00000
33.55 0.00000 0.00000
33.65 0.00000 0.00000
33.75 0.00369 0.00354
33.85 0.00369 0.00000
33.95 0.00000 0.00000
34.05 0.00369 0.00000
34.15 0.00000 0.00000
34.25 0.00000 0.01416
34.35 0.00369 0.00354
34.45 0.00000 0.00354
34.55 0.00369 0.00354
34.65 0.00369 0.00000
34.75 0.00369 0.00708
34.85 0.00000 0.00000
34.95 0.00738 0.00000
35.05 0.00369 0.00354
35.15 0.00369 0.00000
35.25 0.00369 0.00000
35.35 0.00369 0.00000
35.45 0.00738 0.00708
35.55 0.00738 0.00354
35.65 0.00000 0.00354
35.75 0.00738 0.01062
35.85 0.01107 0.00708
35.95 0.00000 0.00708
36.05 0.01476 0.00708
36.15 0.01107 0.02124
36.25 0.01107 0.00000
36.35 0.01845 0.00354
36.45 0.00000 0.02478
36.55 0.01107 0.01062
36.65 0.00738 0.01416
36.75 0.01107 0.01062
36.85 0.01476 0.03894
36.95 0.04059 0.0177
37.05 0.01107 0.02124
37.15 0.0369 0.02478
37.25 0.03321 0.02124
37.35 0.02214 0.02478
37.45 0.01107 0.03186
37.55 0.01845 0.02478
37.65 0.01845 0.03186
37.75 0.01107 0.02832
37.85 0.0369 0.01416
37.95 0.04428 0.02832
38.05 0.02952 0.00708
38.15 0.01476 0.00708
38.25 0.02583 0.01062
38.35 0.01845 0.0354
38.45 0.01845 0.01062
38.55 0.03321 0.0177
38.65 0.02952 0.02124
38.75 0.02214 0.0177
38.85 0.03321 0.01416
38.95 0.01107 0.01062
39.05 0.02583 0.0177
39.15 0.01476 0.01416
39.25 0.02583 0.02124
39.35 0.00738 0.00708
39.45 0.02214 0.01416
39.55 0.00738 0.01062
39.65 0.02214 0.01416
39.75 0.00369 0.00708
39.85 0.00738 0.02832
39.95 0.01107 0.01062
40.05 0.01107 0.01416
40.15 0.00738 0.00708
40.25 0.00738 0.0177
40.35 0.00000 0.0177
40.45 0.00738 0.01062
40.55 0.00369 0.00354
40.65 0.00369 0.00354
40.75 0.00369 0.00708
40.85 0.00738 0.00354
40.95 0.00000 0.00354
41.05 0.00369 0.00354
41.15 0.00738 0.01416
41.25 0.00369 0.00000
41.35 0.00369 0.00000
41.45 0.00369 0.01416
41.55 0.00369 0.00708
41.65 0.00000 0.00000
41.75 0.00738 0.01062
41.85 0.01476 0.00354
41.95 0.00369 0.00000
42.05 0.00000 0.00354
42.15 0.00738 0.01062
42.25 0.00000 0.00000
42.35 0.00000 0.00354
42.45 0.00369 0.00000
42.55 0.00738 0.00000
42.65 0.00369 0.00000
42.75 0.00369 0.00000
42.85 0.00000 0.00000
42.95 0.00000 0.00000
43.05 0.00000 0.00708
43.15 0.00000 0.00354
43.25 0.00738 0.00354
43.35 0.00000 0.00354
43.45 0.00000 0.00000
43.55 0.00369 0.00000
43.65 0.00000 0.00354
43.75 0.00369 0.00354
43.85 0.00000 0.00000
43.95 0.00000 0.00000
44.05 0.00000 0.00000
44.15 0.00369 0.00354
44.25 0.00000 0.00000
44.35 0.00000 0.00000
44.45 0.00369 0.00354
44.55 0.00000 0.00000
44.65 0.00369 0.00000
44.75 0.00369 0.00000
44.85 0.00369 0.00000
44.95 0.00000 0.00000
45.05 0.00000 0.00000
45.15 0.00000 0.00000
45.25 0.00000 0.00000
45.35 0.00000 0.00354
45.45 0.00000 0.00000
45.55 0.00000 0.00000
45.65 0.00000 0.00000
45.75 0.00738 0.00354
45.85 0.00000 0.00000
45.95 0.00738 0.00000
46.05 0.00000 0.00000
46.15 0.00738 0.00000
46.25 0.00000 0.00354
46.35 0.00369 0.00000
46.45 0.00000 0.00354
46.55 0.00000 0.00354
46.65 0.00369 0.00000
46.75 0.00369 0.00354
46.85 0.00369 0.00000
46.95 0.00000 0.00000
47.05 0.00000 0.00000
47.15 0.00000 0.00000
47.25 0.00369 0.00354
47.35 0.00000 0.00708
47.45 0.00000 0.00354
47.55 0.00000 0.00000
47.65 0.01107 0.00708
47.75 0.00738 0.01416
47.85 0.00369 0.00354
47.95 0.00738 0.00000
48.05 0.00738 0.00354
48.15 0.00000 0.01416
48.25 0.01107 0.01416
48.35 0.00738 0.00708
48.45 0.00000 0.00000
48.55 0.01845 0.01062
48.65 0.01107 0.02124
48.75 0.02214 0.01062
48.85 0.00738 0.0177
48.95 0.01845 0.01416
49.05 0.01845 0.00708
49.15 0.02214 0.01416
49.25 0.01845 0.03186
49.35 0.02214 0.00354
49.45 0.01476 0.02478
49.55 0.01845 0.0177
49.65 0.01845 0.02832
49.75 0.01476 0.04602
49.85 0.04059 0.02832
49.95 0.03321 0.03186
50.05 0.02214 0.03894
50.15 0.02952 0.03186
50.25 0.0369 0.0177
50.35 0.02583 0.03186
50.45 0.02214 0.00708
50.55 0.02583 0.02478
50.65 0.01845 0.03186
50.75 0.02214 0.01062
50.85 0.01845 0.02124
50.95 0.01845 0.0177
51.05 0.01476 0.01416
51.15 0.04059 0.02124
51.25 0.01845 0.0354
51.35 0.01476 0.04956
51.45 0.01845 0.0177
51.55 0.02214 0.00708
51.65 0.01845 0.0177
51.75 0.00369 0.0177
51.85 0.01845 0.0177
51.95 0.00738 0.02124
52.05 0.01107 0.01062
52.15 0.00738 0.02124
52.25 0.01476 0.00708
52.35 0.00369 0.01416
52.45 0.00738 0.01416
52.55 0.00000 0.01062
52.65 0.01107 0.02124
52.75 0.01107 0.00354
52.85 0.00738 0.01062
52.95 0.00738 0.02124
53.05 0.00369 0.00000
53.15 0.00369 0.00708
53.25 0.00738 0.01416
53.35 0.00738 0.01062
53.45 0.00369 0.01062
53.55 0.00000 0.00354
53.65 0.00369 0.00354
53.75 0.00000 0.00708
53.85 0.00738 0.00000
53.95 0.00369 0.00354
54.05 0.00369 0.00708
54.15 0.00738 0.00354
54.25 0.00369 0.01062
54.35 0.00738 0.01062
54.45 0.00000 0.00000
54.55 0.00369 0.00354
54.65 0.00738 0.00708
54.75 0.00369 0.00354
54.85 0.00738 0.00000
54.95 0.00000 0.00000
55.05 0.00000 0.00708
55.15 0.00369 0.00354
55.25 0.00000 0.00354
55.35 0.00000 0.00354
55.45 0.00738 0.00354
55.55 0.00000 0.00000
55.65 0.00000 0.00708
55.75 0.00000 0.00354
55.85 0.00000 0.00000
55.95 0.00369 0.00000
56.05 0.00000 0.00000
56.15 0.00369 0.00000
56.25 0.00738 0.00354
56.35 0.00000 0.00000
56.45 0.00369 0.00000
56.55 0.00000 0.00000
56.65 0.00000 0.00000
56.75 0.00000 0.00354
56.85 0.00000 0.00354
56.95 0.00369 0.00000
57.05 0.00000 0.00000
57.15 0.00000 0.00000
57.25 0.00000 0.00000
57.35 0.00000 0.00000
57.45 0.00369 0.00000
57.55 0.00000 0.00000
57.65 0.00000 0.00000
57.75 0.00000 0.00000
57.85 0.00000 0.00354
57.95 0.00000 0.00000
58.05 0.00000 0.00000
58.15 0.00000 0.00000
58.25 0.00000 0.00000
58.35 0.00000 0.00000
58.45 0.00369 0.00000
58.55 0.00000 0.00354
58.65 0.00000 0.00354
58.75 0.00000 0.00000
58.85 0.00000 0.00000
58.95 0.00000 0.00000
59.05 0.00369 0.00000
59.15 0.00000 0.00000
59.25 0.01107 0.00000
59.35 0.00000 0.00708
59.45 0.00369 0.00354
59.55 0.00738 0.00000
59.65 0.00000 0.00354
59.75 0.00000 0.01062
59.85 0.00369 0.00354
59.95 0.00369 0.00000
60.05 0.00000 0.00000
60.15 0.00000 0.00354
60.25 0.00369 0.00000
60.35 0.00738 0.00354
60.45 0.00000 0.01062
60.55 0.00000 0.00000
60.65 0.00369 0.00000
60.75 0.01107 0.00708
60.85 0.00369 0.00708
60.95 0.00369 0.00354
61.05 0.01107 0.00708
61.15 0.01476 0.00354
61.25 0.00738 0.00708
61.35 0.00738 0.01062
61.45 0.02214 0.01062
61.55 0.02214 0.01062
61.65 0.01845 0.00708
61.75 0.02583 0.00708
61.85 0.01845 0.03186
61.95 0.02952 0.02124
62.05 0.03321 0.02124
62.15 0.02952 0.0177
62.25 0.03321 0.0354
62.35 0.01476 0.0177
62.45 0.03321 0.02832
62.55 0.02214 0.01416
62.65 0.02583 0.0177
62.75 0.02214 0.03894
62.85 0.02583 0.02124
62.95 0.0369 0.02832
63.05 0.02214 0.00708
63.15 0.0369 0.01416
63.25 0.02583 0.03186
63.35 0.01476 0.01416
63.45 0.01476 0.03186
63.55 0.03321 0.02832
63.65 0.01476 0.0177
63.75 0.00369 0.01416
63.85 0.01476 0.02124
63.95 0.01476 0.03186
64.05 0.01845 0.02832
64.15 0.00738 0.01062
64.25 0.01845 0.02124
64.35 0.00738 0.02124
64.45 0.01845 0.0177
64.55 0.00369 0.00000
64.65 0.01107 0.01416
64.75 0.00738 0.02478
64.85 0.01845 0.00354
64.95 0.01476 0.0177
65.05 0.00369 0.00354
65.15 0.00738 0.00354
65.25 0.01476 0.01416
65.35 0.01107 0.00000
65.45 0.01845 0.00354
65.55 0.00738 0.01416
65.65 0.00738 0.00000
65.75 0.01107 0.00708
65.85 0.01107 0.00000
65.95 0.01107 0.01062
66.05 0.01107 0.00354
66.15 0.02214 0.00000
66.25 0.00369 0.01062
66.35 0.00000 0.01062
66.45 0.00369 0.00000
66.55 0.00738 0.01416
66.65 0.00369 0.00708
66.75 0.00000 0.00000
66.85 0.00000 0.00000
66.95 0.00738 0.00708
67.05 0.00000 0.00708
67.15 0.00000 0.00708
67.25 0.00369 0.00708
67.35 0.00369 0.00708
67.45 0.00000 0.00354
67.55 0.00738 0.00708
67.65 0.00738 0.00354
67.75 0.00369 0.00354
67.85 0.00369 0.00708
67.95 0.01107 0.00708
68.05 0.00369 0.00354
68.15 0.00000 0.00000
68.25 0.00369 0.00000
68.35 0.00000 0.00000
68.45 0.00000 0.00000
68.55 0.00369 0.00354
68.65 0.00369 0.00000
68.75 0.00000 0.00708
68.85 0.00369 0.00000
68.95 0.00369 0.00000
69.05 0.00369 0.00000
69.15 0.00369 0.00000
69.25 0.00000 0.00000
69.35 0.00369 0.00000
69.45 0.00000 0.00000
69.55 0.00000 0.00000
69.65 0.00000 0.00000
69.75 0.00000 0.00000
69.85 0.00369 0.00354
69.95 0.00000 0.00000
70.05 0.00000 0.00354
70.15 0.00000 0.00000
70.25 0.00000 0.00354
70.35 0.00000 0.00000
70.45 0.00369 0.00354
70.55 0.00000 0.00000
70.65 0.00000 0.00000
70.75 0.00369 0.00708
70.85 0.00000 0.00354
70.95 0.00000 0.00000
71.05 0.00000 0.00354
71.15 0.00369 0.00000
71.25 0.00000 0.00000
71.35 0.00000 0.00000
71.45 0.00369 0.00000
71.55 0.00369 0.00354
71.65 0.00369 0.00000
71.75 0.00369 0.00354
71.85 0.00000 0.00000
71.95 0.00000 0.00354
72.05 0.00369 0.00354
72.15 0.00000 0.00708
72.25 0.00369 0.00000
72.35 0.01107 0.00000
72.45 0.00000 0.00354
72.55 0.00369 0.00000
72.65 0.00738 0.00000
72.75 0.00738 0.00354
72.85 0.00000 0.00000
72.95 0.00369 0.00354
73.05 0.01107 0.01416
73.15 0.01107 0.00000
73.25 0.00369 0.00354
73.35 0.00738 0.01416
73.45 0.00738 0.00354
73.55 0.01107 0.00000
73.65 0.01107 0.01416
73.75 0.00369 0.01062
73.85 0.00369 0.00708
73.95 0.01476 0.00354
74.05 0.00738 0.0177
74.15 0.01845 0.02124
74.25 0.02583 0.02478
74.35 0.01845 0.01416
74.45 0.00738 0.0177
74.55 0.02952 0.02124
74.65 0.02583 0.01416
74.75 0.02214 0.02124
74.85 0.02952 0.02478
74.95 0.02583 0.0354
75.05 0.01476 0.01416
75.15 0.02952 0.02124
75.25 0.02583 0.0354
75.35 0.03321 0.01416
75.45 0.01476 0.02124
75.55 0.00738 0.04248
75.65 0.03321 0.0177
75.75 0.03321 0.02832
75.85 0.02214 0.02124
75.95 0.00738 0.02832
76.05 0.02583 0.01416
76.15 0.02583 0.02478
76.25 0.01476 0.02124
76.35 0.03321 0.02124
76.45 0.00738 0.01062
76.55 0.00738 0.02124
76.65 0.01845 0.02124
76.75 0.00738 0.01416
76.85 0.01476 0.01416
76.95 0.00369 0.01416
77.05 0.00738 0.01062
77.15 0.00738 0.02124
77.25 0.01107 0.00708
77.35 0.00738 0.0177
77.45 0.01845 0.00354
77.55 0.00738 0.00000
77.65 0.01107 0.0177
77.75 0.00738 0.00708
77.85 0.02583 0.01062
77.95 0.00000 0.01416
78.05 0.00369 0.01062
78.15 0.01476 0.00708
78.25 0.01476 0.01416
78.35 0.00000 0.00708
78.45 0.00369 0.00000
78.55 0.00369 0.00708
78.65 0.00369 0.00000
78.75 0.00369 0.01062
78.85 0.01107 0.02124
78.95 0.00369 0.00354
79.05 0.00369 0.00708
79.15 0.00369 0.00354
79.25 0.00738 0.00708
79.35 0.00738 0.00708
79.45 0.00738 0.00354
79.55 0.00000 0.00000
79.65 0.00738 0.00354
79.75 0.00000 0.00354
79.85 0.00369 0.00000
79.95 0.00738 0.00000
80.05 0.00738 0.00000
80.15 0.00000 0.00354
80.25 0.00369 0.00000
80.35 0.00369 0.00354
80.45 0.00000 0.00000
80.55 0.00000 0.00354
80.65 0.00000 0.00354
80.75 0.00000 0.00354
80.85 0.00738 0.00354
80.95 0.00000 0.00000
81.05 0.00369 0.00000
81.15 0.00000 0.00354
81.25 0.00000 0.00708
81.35 0.00000 0.00354
81.45 0.00369 0.00000
81.55 0.00369 0.00000
81.65 0.00000 0.00000
81.75 0.00000 0.00708
81.85 0.00369 0.00354
81.95 0.00000 0.00000
82.05 0.00369 0.00000
82.15 0.00000 0.00354
82.25 0.00000 0.00000
82.35 0.00000 0.00354
82.45 0.00000 0.00000
82.55 0.00000 0.00354
82.65 0.00000 0.00000
82.75 0.00369 0.00354
82.85 0.00000 0.00000
82.95 0.00369 0.00708
83.05 0.00369 0.00000
83.15 0.00000 0.00354
83.25 0.00369 0.00000
83.35 0.00000 0.00000
83.45 0.00000 0.00354
83.55 0.00000 0.01062
83.65 0.00000 0.00708
83.75 0.00000 0.00000
83.85 0.00369 0.00000
83.95 0.00000 0.00000
84.05 0.00000 0.00354
84.15 0.00000 0.00000
84.25 0.00000 0.00000
84.35 0.00000 0.01062
84.45 0.00738 0.00000
84.55 0.00000 0.00354
84.65 0.00000 0.00354
84.75 0.00000 0.00708
84.85 0.00738 0.00708
84.95 0.00369 0.01062
85.05 0.00738 0.00000
85.15 0.00369 0.00354
85.25 0.00369 0.01062
85.35 0.01476 0.00354
85.45 0.00738 0.00354
85.55 0.00000 0.00708
85.65 0.00000 0.00000
85.75 0.00000 0.00000
85.85 0.00000 0.00354
85.95 0.01476 0.00708
86.05 0.01107 0.00354
86.15 0.01107 0.00708
86.25 0.01845 0.0177
86.35 0.00000 0.00354
86.45 0.00738 0.0177
86.55 0.01107 0.01062
86.65 0.01107 0.02124
86.75 0.00369 0.03186
86.85 0.00738 0.00708
86.95 0.0369 0.03186
87.05 0.00738 0.0177
87.15 0.01845 0.0177
87.25 0.01107 0.0354
87.35 0.02583 0.02124
87.45 0.01476 0.00708
87.55 0.02952 0.0354
87.65 0.02952 0.04602
87.75 0.03321 0.0354
87.85 0.03321 0.01416
87.95 0.02952 0.01062
88.05 0.01845 0.01416
88.15 0.0369 0.03894
88.25 0.02214 0.02478
88.35 0.02952 0.02124
88.45 0.01476 0.03186
88.55 0.02214 0.02478
88.65 0.02952 0.02478
88.75 0.02952 0.02124
88.85 0.01845 0.0177
88.95 0.01476 0.02478
89.05 0.01845 0.02478
89.15 0.02214 0.01416
89.25 0.00738 0.01416
89.35 0.01845 0.01416
89.45 0.00000 0.0177
89.55 0.01476 0.01416
89.65 0.01476 0.00708
89.75 0.00369 0.00708
89.85 0.01476 0.01062
89.95 0.00738 0.00708
90.05 0.00369 0.00708
90.15 0.01107 0.00000
90.25 0.00369 0.01062
90.35 0.00369 0.01416
90.45 0.00000 0.00708
90.55 0.02214 0.00354
90.65 0.00738 0.00354
90.75 0.01107 0.01062
90.85 0.00738 0.00354
90.95 0.00369 0.00708
91.05 0.00369 0.00354
91.15 0.00369 0.01062
91.25 0.00738 0.00354
91.35 0.00738 0.00000
91.45 0.00369 0.01062
91.55 0.00000 0.00708
91.65 0.00000 0.00708
91.75 0.01107 0.00708
91.85 0.00369 0.00354
91.95 0.01107 0.00708
92.05 0.00000 0.00354
92.15 0.00000 0.00000
92.25 0.00000 0.00708
92.35 0.00369 0.00000
92.45 0.00369 0.00354
92.55 0.00369 0.00354
92.65 0.01107 0.00708
92.75 0.00000 0.00354
92.85 0.00369 0.00708
92.95 0.00738 0.00000
93.05 0.00000 0.00354
93.15 0.00369 0.00354
93.25 0.00000 0.00000
93.35 0.00369 0.01062
93.45 0.00000 0.00354
93.55 0.00369 0.00354
93.65 0.00369 0.00000
93.75 0.00369 0.00354
93.85 0.00000 0.00000
93.95 0.00000 0.00000
94.05 0.00000 0.00000
94.15 0.00369 0.00354
94.25 0.00369 0.00354
94.35 0.00000 0.00000
94.45 0.00369 0.00354
94.55 0.00000 0.00000
94.65 0.00000 0.00000
94.75 0.00000 0.00000
94.85 0.00000 0.00000
94.95 0.00000 0.00354
95.05 0.00000 0.00354
95.15 0.00000 0.00000
95.25 0.00000 0.00000
95.35 0.00369 0.00708
95.45 0.00000 0.00000
95.55 0.00738 0.00708
95.65 0.00000 0.00354
95.75 0.00000 0.00000
95.85 0.00369 0.00354
95.95 0.00369 0.00354
96.05 0.00000 0.00000
96.15 0.00000 0.00354
96.25 0.00000 0.00354
96.35 0.00369 0.00000
96.45 0.00000 0.00000
96.55 0.00369 0.00354
96.65 0.00000 0.00354
96.75 0.00000 0.00354
96.85 0.00000 0.00708
96.95 0.00000 0.00000
97.05 0.00000 0.00000
97.15 0.00738 0.01062
97.25 0.00000 0.00354
97.35 0.00738 0.00000
97.45 0.00369 0.00000
97.55 0.00738 0.00354
97.65 0.00369 0.00000
97.75 0.00369 0.00354
97.85 0.00369 0.00708
97.95 0.00369 0.00708
98.05 0.00738 0.00000
98.15 0.01107 0.00354
98.25 0.00738 0.00354
98.35 0.00000 0.00000
98.45 0.00369 0.00708
98.55 0.00369 0.02124
98.65 0.01476 0.01062
98.75 0.01476 0.01062
98.85 0.01476 0.01416
98.95 0.01107 0.00354
99.05 0.02952 0.01062
99.15 0.00738 0.02478
99.25 0.01476 0.00708
99.35 0.01845 0.01062
99.45 0.01476 0.02832
99.55 0.02214 0.0177
99.65 0.02583 0.01416
99.75 0.02214 0.0354
99.85 0.03321 0.02124
99.95 0.01845 0.03186
100.05 0.01845 0.0177
100.15 0.02952 0.03894
100.25 0.03321 0.02832
100.35 0.02214 0.02124
100.45 0.03321 0.01416
100.55 0.01476 0.02478
100.65 0.01476 0.03186
100.75 0.01845 0.03186
100.85 0.02214 0.0354
100.95 0.02583 0.02832
101.05 0.01476 0.02478
101.15 0.0369 0.02124
101.25 0.02214 0.03186
101.35 0.01476 0.02832
101.45 0.01476 0.01062
101.55 0.01845 0.02124
101.65 0.01107 0.01416
101.75 0.01476 0.02478
101.85 0.00738 0.0177
101.95 0.00738 0.01062
102.05 0.01476 0.01062
102.15 0.01107 0.00354
102.25 0.02214 0.01062
102.35 0.01476 0.01062
102.45 0.00738 0.01062
102.55 0.01845 0.01062
102.65 0.01845 0.02478
102.75 0.00000 0.00000
102.85 0.00369 0.01416
102.95 0.00369 0.01062
103.05 0.01845 0.00708
103.15 0.00369 0.00000
103.25 0.00738 0.00000
103.35 0.01845 0.00354
103.45 0.01107 0.00000
103.55 0.00738 0.01062
103.65 0.00369 0.00708
103.75 0.00369 0.00354
103.85 0.00000 0.00354
103.95 0.00369 0.01062
104.05 0.00369 0.0177
104.15 0.00369 0.00708
104.25 0.00000 0.01062
104.35 0.00000 0.00000
104.45 0.01476 0.00000
104.55 0.00369 0.00354
104.65 0.00369 0.00354
104.75 0.00738 0.00354
104.85 0.00000 0.00354
104.95 0.00369 0.00354
105.05 0.00369 0.00000
105.15 0.00369 0.00708
105.25 0.01107 0.00708
105.35 0.00000 0.00354
105.45 0.00000 0.00354
105.55 0.00369 0.00354
105.65 0.00369 0.00354
105.75 0.00369 0.00000
105.85 0.00000 0.00354
105.95 0.00000 0.00000
106.05 0.00000 0.00354
106.15 0.00000 0.00000
106.25 0.00000 0.00000
106.35 0.00000 0.00000
106.45 0.00369 0.00354
106.55 0.00000 0.00000
106.65 0.00000 0.00000
106.75 0.00369 0.00354
106.85 0.00000 0.00000
106.95 0.00000 0.00354
107.05 0.00000 0.00354
107.15 0.00369 0.00000
107.25 0.00369 0.00000
107.35 0.00000 0.00000
107.45 0.00369 0.00708
107.55 0.00000 0.00000
107.65 0.00000 0.00000
107.75 0.00000 0.00000
107.85 0.00000 0.00354
107.95 0.00000 0.00000
108.05 0.00369 0.00000
108.15 0.00369 0.01062
108.25 0.00000 0.00000
108.35 0.00738 0.00000
108.45 0.00000 0.00000
108.55 0.00000 0.00354
108.65 0.00000 0.00354
108.75 0.00000 0.00354
108.85 0.00369 0.00354
108.95 0.00369 0.00708
109.05 0.00000 0.00708
109.15 0.00000 0.00354
109.25 0.00369 0.00000
109.35 0.00369 0.00000
109.45 0.00369 0.00000
109.55 0.00369 0.00000
109.65 0.00000 0.00354
109.75 0.00000 0.00000
109.85 0.00000 0.00000
109.95 0.00369 0.00000
110.05 0.00369 0.00000
110.15 0.00369 0.00000
110.25 0.00369 0.00000
110.35 0.00369 0.00354
110.45 0.00369 0.00354
110.55 0.00000 0.00000
110.65 0.00738 0.00708
110.75 0.00738 0.00708
110.85 0.01107 0.00000
110.95 0.00369 0.01062
111.05 0.01107 0.01416
111.15 0.01476 0.01062
111.25 0.01107 0.01062
111.35 0.01476 0.00708
111.45 0.00738 0.01062
111.55 0.00000 0.0177
111.65 0.01107 0.02832
111.75 0.03321 0.02832
111.85 0.00738 0.02124
111.95 0.01476 0.02124
112.05 0.01107 0.04248
112.15 0.01476 0.02832
112.25 0.03321 0.01416
112.35 0.04059 0.0354
112.45 0.01476 0.02478
112.55 0.02952 0.02478
112.65 0.03321 0.04248
112.75 0.02583 0.02478
112.85 0.03321 0.04248
112.95 0.03321 0.01416
113.05 0.02952 0.02124
113.15 0.01476 0.02124
113.25 0.0369 0.02832
113.35 0.01845 0.02832
113.45 0.01476 0.0177
113.55 0.02214 0.01416
113.65 0.01476 0.0177
113.75 0.02583 0.01416
113.85 0.01476 0.01062
113.95 0.01845 0.0177
114.05 0.01845 0.00708
114.15 0.02214 0.00708
114.25 0.01476 0.0177
114.35 0.01845 0.01062
114.45 0.01107 0.0177
114.55 0.02214 0.01416
114.65 0.00738 0.01416
114.75 0.00369 0.00708
114.85 0.00738 0.01062
114.95 0.02214 0.0177
115.05 0.01107 0.00354
115.15 0.01107 0.00708
115.25 0.00738 0.01416
115.35 0.01107 0.00708
115.45 0.01107 0.01062
115.55 0.00369 0.00354
115.65 0.00738 0.01416
115.75 0.00369 0.00000
115.85 0.00369 0.00354
115.95 0.00369 0.01062
116.05 0.01107 0.00708
116.15 0.00738 0.00708
116.25 0.00000 0.00354
116.35 0.00000 0.00354
116.45 0.00738 0.00708
116.55 0.00369 0.00708
116.65 0.00738 0.00354
116.75 0.00738 0.00354
116.85 0.00738 0.00354
116.95 0.00738 0.00000
117.05 0.00738 0.00708
117.15 0.00369 0.01062
117.25 0.00738 0.00708
117.35 0.00738 0.00000
117.45 0.00738 0.00000
117.55 0.00369 0.00354
117.65 0.00000 0.00000
117.75 0.00000 0.00708
117.85 0.00000 0.00000
117.95 0.00369 0.00354
118.05 0.00369 0.00354
118.15 0.01107 0.01062
118.25 0.00000 0.00000
118.35 0.00369 0.00354
118.45 0.00738 0.00000
118.55 0.00369 0.00354
118.65 0.00000 0.00000
118.75 0.00369 0.00000
118.85 0.00000 0.00000
118.95 0.00738 0.00000
119.05 0.00000 0.00354
119.15 0.00369 0.00000
119.25 0.00000 0.00354
119.35 0.00000 0.00000
119.45 0.00369 0.00000
119.55 0.00369 0.00354
119.65 0.00000 0.00000
119.75 0.00000 0.00000
119.85 0.00000 0.00000
119.95 0.00000 0.00000
120.05 0.00369 0.00000
120.15 0.00000 0.00354
120.25 0.00000 0.00000
120.35 0.00000 0.00000
120.45 0.00000 0.00000
120.55 0.00000 0.00000
120.65 0.00369 0.00708
120.75 0.00000 0.00354
120.85 0.00000 0.00000
120.95 0.00000 0.00000
121.05 0.00000 0.00000
121.15 0.00000 0.00000
121.25 0.00000 0.00000
121.35 0.00000 0.00354
121.45 0.00000 0.00354
121.55 0.00000 0.00000
121.65 0.00369 0.00000
121.75 0.00000 0.00000
121.85 0.00369 0.00354
121.95 0.00000 0.00000
122.05 0.00738 0.00000
122.15 0.00000 0.00000
122.25 0.00000 0.00354
122.35 0.00369 0.01416
122.45 0.00738 0.00000
122.55 0.00000 0.00708
122.65 0.00369 0.00354
122.75 0.00369 0.00354
122.85 0.00738 0.00000
122.95 0.00369 0.00000
123.05 0.01107 0.00708
123.15 0.01476 0.00708
123.25 0.00369 0.00708
123.35 0.00738 0.00354
123.45 0.00000 0.00354
123.55 0.00369 0.0177
123.65 0.00369 0.00708
123.75 0.01476 0.00708
123.85 0.01476 0.01062
123.95 0.01476 0.00708
124.05 0.02214 0.0177
124.15 0.00738 0.01416
124.25 0.00738 0.02832
124.35 0.02952 0.00708
124.45 0.02583 0.01416
124.55 0.04059 0.02124
124.65 0.00738 0.02478
124.75 0.03321 0.0354
124.85 0.01845 0.02124
124.95 0.02952 0.02124
125.05 0.0369 0.0177
125.15 0.02952 0.02832
125.25 0.01845 0.0177
125.35 0.02214 0.02832
125.45 0.01845 0.0177
125.55 0.04428 0.02478
125.65 0.02583 0.01416
125.75 0.02952 0.02832
125.85 0.0369 0.02124
125.95 0.01845 0.01062
126.05 0.02214 0.0354
126.15 0.01476 0.02124
126.25 0.01107 0.02124
126.35 0.01476 0.01062
126.45 0.01845 0.03894
126.55 0.02214 0.02478
126.65 0.00738 0.01062
126.75 0.01476 0.01416
126.85 0.01476 0.01416
126.95 0.00738 0.01062
127.05 0.01107 0.00354
127.15 0.00738 0.02124
127.25 0.01845 0.02478
127.35 0.00738 0.00354
127.45 0.01107 0.00354
127.55 0.00369 0.02478
127.65 0.00738 0.02124
127.75 0.01107 0.00354
127.85 0.00738 0.01416
127.95 0.01107 0.01062
128.05 0.01107 0.00354
128.15 0.00738 0.01062
128.25 0.00738 0.00354
128.35 0.00369 0.00708
128.45 0.00000 0.01416
128.55 0.00738 0.00708
128.65 0.01107 0.00000
128.75 0.00000 0.00708
128.85 0.00000 0.0177
128.95 0.00369 0.00354
129.05 0.00738 0.00000
129.15 0.00000 0.01062
129.25 0.00738 0.00708
129.35 0.00369 0.00354
129.45 0.00369 0.01062
129.55 0.00000 0.00354
129.65 0.00738 0.00000
129.75 0.00000 0.00000
129.85 0.01107 0.00708
129.95 0.00369 0.00708
130.05 0.00738 0.00354
130.15 0.00369 0.00354
130.25 0.00369 0.00000
130.35 0.00369 0.00354
130.45 0.00000 0.00354
130.55 0.00369 0.00354
130.65 0.00000 0.00000
130.75 0.00000 0.00000
130.85 0.00000 0.00354
130.95 0.00369 0.00000
131.05 0.00000 0.00354
131.15 0.00369 0.00000
131.25 0.00369 0.00000
131.35 0.00369 0.00000
131.45 0.00369 0.00000
131.55 0.00000 0.00000
131.65 0.00369 0.00000
131.75 0.00369 0.00000
131.85 0.00000 0.00000
131.95 0.00000 0.00354
132.05 0.00738 0.00354
132.15 0.00369 0.00000
132.25 0.00000 0.00000
132.35 0.00000 0.00000
132.45 0.00369 0.00708
132.55 0.00000 0.00000
132.65 0.00000 0.00000
132.75 0.00000 0.00000
132.85 0.00369 0.00000
132.95 0.00000 0.00000
133.05 0.00000 0.00000
133.15 0.00000 0.00708
133.25 0.00738 0.00354
133.35 0.00000 0.00000
133.45 0.00000 0.00000
133.55 0.00000 0.00354
133.65 0.00369 0.00354
133.75 0.00000 0.00354
133.85 0.00369 0.00354
133.95 0.00000 0.00000
134.05 0.00000 0.00000
134.15 0.00738 0.00354
134.25 0.00369 0.00354
134.35 0.00000 0.00708
134.45 0.00000 0.00354
134.55 0.00000 0.00000
134.65 0.00369 0.00354
134.75 0.00738 0.00354
134.85 0.00369 0.00000
134.95 0.00000 0.00000
135.05 0.00000 0.00000
135.15 0.00369 0.00354
135.25 0.00369 0.01416
135.35 0.00369 0.00000
135.45 0.00000 0.00000
135.55 0.00369 0.00354
135.65 0.00000 0.00354
135.75 0.00738 0.0177
135.85 0.01107 0.00708
135.95 0.01107 0.01062
136.05 0.01107 0.01062
136.15 0.00738 0.01416
136.25 0.01476 0.00354
136.35 0.00369 0.02478
136.45 0.01107 0.01062
136.55 0.01476 0.0177
136.65 0.01476 0.00354
136.75 0.02583 0.01416
136.85 0.01476 0.02124
136.95 0.01845 0.0177
137.05 0.02952 0.02124
137.15 0.02214 0.02124
137.25 0.02583 0.02124
137.35 0.01845 0.0177
137.45 0.01476 0.01416
137.55 0.02583 0.02832
137.65 0.04428 0.02478
137.75 0.01107 0.03186
137.85 0.02583 0.03894
137.95 0.02214 0.0354
138.05 0.03321 0.00708
138.15 0.01107 0.0354
138.25 0.03321 0.03186
138.35 0.01107 0.02124
138.45 0.01107 0.02124
138.55 0.02583 0.02832
138.65 0.02952 0.0177
138.75 0.01845 0.01416
138.85 0.01845 0.03186
138.95 0.01476 0.01062
139.05 0.01845 0.02832
139.15 0.01476 0.02478
139.25 0.00369 0.02124
139.35 0.02214 0.02124
139.45 0.01845 0.00354
139.55 0.01107 0.00708
139.65 0.01476 0.00000
139.75 0.00369 0.01062
139.85 0.00369 0.00708
139.95 0.00738 0.02832
140.05 0.00000 0.00000
140.15 0.00738 0.00354
140.25 0.00369 0.01416
140.35 0.00000 0.00000
140.45 0.00369 0.00354
140.55 0.01845 0.0177
140.65 0.00738 0.00708
140.75 0.00000 0.00708
140.85 0.00738 0.01416
140.95 0.00738 0.00354
141.05 0.00369 0.0177
141.15 0.00738 0.01416
141.25 0.00369 0.01062
141.35 0.00369 0.00708
141.45 0.00738 0.00000
141.55 0.00738 0.00000
141.65 0.00738 0.01062
141.75 0.00738 0.00354
141.85 0.00000 0.00000
141.95 0.00738 0.00354
142.05 0.01107 0.00000
142.15 0.00369 0.00354
142.25 0.00369 0.01062
142.35 0.00369 0.00000
142.45 0.00369 0.00000
142.55 0.01107 0.00000
142.65 0.00369 0.00000
142.75 0.00000 0.00000
142.85 0.00369 0.00000
142.95 0.00000 0.00354
143.05 0.00738 0.00000
143.15 0.00369 0.00708
143.25 0.00738 0.00354
143.35 0.00000 0.00354
143.45 0.00369 0.00000
143.55 0.00369 0.00354
143.65 0.00000 0.00000
143.75 0.00000 0.00354
143.85 0.00369 0.00000
143.95 0.00000 0.00354
144.05 0.00369 0.00000
144.15 0.00000 0.00000
144.25 0.00000 0.00000
144.35 0.00000 0.00000
144.45 0.00000 0.00000
144.55 0.00000 0.00000
144.65 0.00000 0.00000
144.75 0.00000 0.00000
144.85 0.00000 0.00000
144.95 0.00000 0.00000
145.05 0.00000 0.00000
145.15 0.00369 0.00000
145.25 0.00000 0.00000
145.35 0.00000 0.00000
145.45 0.00000 0.00000
145.55 0.00000 0.00354
145.65 0.00000 0.00000
145.75 0.00000 0.00354
145.85 0.00000 0.00000
145.95 0.00000 0.00000
146.05 0.00000 0.00354
146.15 0.00738 0.00354
146.25 0.00000 0.00354
146.35 0.00000 0.00000
146.45 0.00000 0.00000
146.55 0.00369 0.00000
146.65 0.00000 0.00708
146.75 0.00000 0.00354
146.85 0.00000 0.00000
146.95 0.00738 0.00354
147.05 0.00000 0.00000
147.15 0.01107 0.00354
147.25 0.00000 0.00354
147.35 0.01107 0.00354
147.45 0.00369 0.00000
147.55 0.00369 0.01416
147.65 0.00738 0.00000
147.75 0.00000 0.00000
147.85 0.00369 0.00708
147.95 0.00738 0.00354
148.05 0.00000 0.00000
148.15 0.00369 0.01062
148.25 0.01476 0.01062
148.35 0.00738 0.00708
148.45 0.00738 0.00000
148.55 0.00000 0.00354
148.65 0.00738 0.01062
148.75 0.00000 0.00708
148.85 0.00369 0.0177
148.95 0.01476 0.00354
149.05 0.02583 0.00000
149.15 0.02214 0.00708
149.25 0.01107 0.02124
149.35 0.02952 0.01416
149.45 0.01476 0.01416
149.55 0.01845 0.02478
149.65 0.01845 0.02832
149.75 0.03321 0.02832
149.85 0.02214 0.0354
149.95 0.02583 0.00708
150.05 0.01845 0.0177
150.15 0.01107 0.02478
150.25 0.02952 0.01416
150.35 0.04059 0.04248
150.45 0.05535 0.0177
150.55 0.01845 0.02478
150.65 0.04428 0.03186
150.75 0.01107 0.01416
150.85 0.02952 0.02124
150.95 0.03321 0.02478
151.05 0.01476 0.0177
151.15 0.01845 0.01416
151.25 0.01476 0.0177
151.35 0.02952 0.02478
151.45 0.02214 0.02478
151.55 0.01107 0.01416
151.65 0.01476 0.02124
151.75 0.00000 0.02124
151.85 0.01107 0.01416
151.95 0.01845 0.0177
152.05 0.00738 0.01416
152.15 0.02583 0.00708
152.25 0.00369 0.02124
152.35 0.01476 0.00708
152.45 0.00369 0.01416
152.55 0.00369 0.00708
152.65 0.01476 0.01062
152.75 0.00369 0.02124
152.85 0.01476 0.01062
152.95 0.00369 0.00708
153.05 0.00738 0.00354
153.15 0.01107 0.01062
153.25 0.00369 0.00354
153.35 0.01476 0.00354
153.45 0.00000 0.00708
153.55 0.00000 0.00708
153.65 0.00369 0.00708
153.75 0.00369 0.00354
153.85 0.00369 0.00354
153.95 0.00000 0.01062
154.05 0.00738 0.01062
154.15 0.00000 0.00000
154.25 0.00369 0.00354
154.35 0.00000 0.00708
154.45 0.00738 0.00354
154.55 0.00000 0.00000
154.65 0.01107 0.00000
154.75 0.00369 0.00708
154.85 0.00000 0.00000
154.95 0.00738 0.00354
155.05 0.00000 0.00708
155.15 0.00000 0.00708
155.25 0.00000 0.00354
155.35 0.00369 0.00000
155.45 0.00000 0.00354
155.55 0.01476 0.00000
155.65 0.00000 0.00354
155.75 0.00000 0.00000
155.85 0.00369 0.00354
155.95 0.00369 0.00000
156.05 0.00738 0.00354
156.15 0.00738 0.00000
156.25 0.00000 0.00000
156.35 0.00369 0.00354
156.45 0.00369 0.00354
156.55 0.00000 0.00354
156.65 0.00000 0.00000
156.75 0.00369 0.00000
156.85 0.00738 0.00000
156.95 0.00000 0.00000
157.05 0.00738 0.00000
157.15 0.00000 0.00000
157.25 0.00000 0.00000
157.35 0.00000 0.00000
157.45 0.00369 0.00000
157.55 0.00000 0.00000
157.65 0.00000 0.00354
157.75 0.00369 0.00000
157.85 0.00369 0.00000
157.95 0.00000 0.00354
158.05 0.00369 0.00000
158.15 0.00369 0.00000
158.25 0.00000 0.00000
158.35 0.00000 0.00000
158.45 0.00000 0.00000
158.55 0.00000 0.00000
158.65 0.00000 0.00000
158.75 0.00000 0.00000
158.85 0.00369 0.00354
158.95 0.00000 0.00354
159.05 0.00000 0.00000
159.15 0.00000 0.00354
159.25 0.00369 0.00000
159.35 0.00738 0.00354
159.45 0.00000 0.00354
159.55 0.00000 0.01062
159.65 0.00369 0.01062
159.75 0.00000 0.00354
159.85 0.00738 0.00354
159.95 0.00000 0.00000
160.05 0.00000 0.00354
160.15 0.01107 0.00354
160.25 0.00000 0.00354
160.35 0.00369 0.00708
160.45 0.00369 0.00354
160.55 0.00738 0.00708
160.65 0.00369 0.00354
160.75 0.01476 0.00000
160.85 0.00738 0.00354
160.95 0.00369 0.00708
161.05 0.00738 0.00000
161.15 0.01845 0.01062
161.25 0.02214 0.01062
161.35 0.01107 0.01416
161.45 0.01845 0.01062
161.55 0.02214 0.01416
161.65 0.01845 0.01062
161.75 0.02214 0.02478
161.85 0.01476 0.01416
161.95 0.01845 0.0354
162.05 0.02583 0.02832
162.15 0.02952 0.0177
162.25 0.02583 0.03894
162.35 0.03321 0.0354
162.45 0.03321 0.02124
162.55 0.01845 0.02478