-162.55000 0.53608 0.33548
-162.45000 0.62543 0.50323
-162.35000 0.35739 0.75484
-162.25000 0.44674 0.83871
-162.15000 0.98282 0.50323
-162.05000 0.44674 0.25161
-161.95000 0.26804 0.58710
-161.85000 0.44674 0.75484
-161.75000 1.07216 0.33548
-161.65000 0.53608 0.67097
-161.55000 0.35739 0.75484
-161.45000 0.44674 0.50323
-161.35000 0.71478 0.41935
-161.25000 0.80412 0.41935
-161.15000 0.71478 0.41935
-161.05000 0.80412 0.50323
-160.95000 0.53608 0.67097
-160.85000 0.26804 0.25161
-160.75000 0.44674 0.75484
-160.65000 0.17869 0.33548
-160.55000 0.44674 0.08387
-160.45000 0.44674 0.25161
-160.35000 0.35739 0.41935
-160.25000 0.17869 0.33548
-160.15000 0.17869 0.25161
-160.05000 0.26804 0.08387
-159.95000 0.08935 0.33548
-159.85000 0.17869 0.25161
-159.75000 0.26804 0.25161
-159.65000 0.35739 0.16774
-159.55000 0.08935 0.25161
-159.45000 0.17869 0.16774
-159.35000 0.17869 0.00000
-159.25000 0.08935 0.08387
-159.15000 0.17869 0.00000
-159.05000 0.17869 0.08387
-158.95000 0.00000 0.08387
-158.85000 0.00000 0.08387
-158.75000 0.17869 0.00000
-158.65000 0.00000 0.00000
-158.55000 0.17869 0.00000
-158.45000 0.08935 0.08387
-158.35000 0.08935 0.08387
-158.25000 0.08935 0.08387
-158.15000 0.17869 0.00000
-158.05000 0.00000 0.16774
-157.95000 0.17869 0.00000
-157.85000 0.08935 0.00000
-157.75000 0.08935 0.08387
-157.65000 0.08935 0.00000
-157.55000 0.00000 0.00000
-157.45000 0.00000 0.16774
-157.35000 0.00000 0.08387
-157.25000 0.00000 0.00000
-157.15000 0.08935 0.08387
-157.05000 0.08935 0.00000
-156.95000 0.08935 0.00000
-156.85000 0.00000 0.16774
-156.75000 0.08935 0.00000
-156.65000 0.08935 0.08387
-156.55000 0.17869 0.16774
-156.45000 0.17869 0.00000
-156.35000 0.08935 0.08387
-156.25000 0.00000 0.00000
-156.15000 0.08935 0.08387
-156.05000 0.08935 0.00000
-155.95000 0.00000 0.08387
-155.85000 0.00000 0.00000
-155.75000 0.00000 0.00000
-155.65000 0.00000 0.08387
-155.55000 0.08935 0.08387
-155.45000 0.00000 0.00000
-155.35000 0.00000 0.00000
-155.25000 0.08935 0.08387
-155.15000 0.00000 0.00000
-155.05000 0.08935 0.00000
-154.95000 0.08935 0.00000
-154.85000 0.08935 0.00000
-154.75000 0.00000 0.00000
-154.65000 0.00000 0.00000
-154.55000 0.17869 0.00000
-154.45000 0.08935 0.00000
-154.35000 0.00000 0.00000
-154.25000 0.00000 0.00000
-154.15000 0.08935 0.00000
-154.05000 0.17869 0.08387
-153.95000 0.00000 0.00000
-153.85000 0.00000 0.00000
-153.75000 0.00000 0.16774
-153.65000 0.00000 0.08387
-153.55000 0.08935 0.16774
-153.45000 0.00000 0.16774
-153.35000 0.00000 0.00000
-153.25000 0.00000 0.00000
-153.15000 0.17869 0.08387
-153.05000 0.08935 0.00000
-152.95000 0.00000 0.08387
-152.85000 0.08935 0.00000
-152.75000 0.08935 0.08387
-152.65000 0.00000 0.08387
-152.55000 0.00000 0.00000
-152.45000 0.35739 0.33548
-152.35000 0.08935 0.08387
-152.25000 0.17869 0.16774
-152.15000 0.17869 0.08387
-152.05000 0.08935 0.16774
-151.95000 0.26804 0.08387
-151.85000 0.08935 0.25161
-151.75000 0.08935 0.08387
-151.65000 0.08935 0.25161
-151.55000 0.35739 0.16774
-151.45000 0.08935 0.25161
-151.35000 0.35739 0.41935
-151.25000 0.26804 0.08387
-151.15000 0.26804 0.16774
-151.05000 0.17869 0.41935
-150.95000 0.17869 0.16774
-150.85000 0.44674 0.25161
-150.75000 0.35739 0.41935
-150.65000 0.44674 0.50323
-150.55000 0.35739 0.41935
-150.45000 0.53608 0.41935
-150.35000 0.80412 0.25161
-150.25000 0.53608 0.58710
-150.15000 0.53608 0.33548
-150.05000 0.35739 0.16774
-149.95000 0.26804 0.33548
-149.85000 0.35739 1.09032
-149.75000 0.62543 1.00645
-149.65000 0.35739 0.33548
-149.55000 0.80412 0.67097
-149.45000 0.53608 0.67097
-149.35000 0.80412 0.75484
-149.25000 0.89347 0.75484
-149.15000 0.53608 0.50323
-149.05000 0.44674 0.41935
-148.95000 0.44674 0.75484
-148.85000 0.62543 0.41935
-148.75000 0.26804 0.25161
-148.65000 0.35739 0.67097
-148.55000 0.17869 0.33548
-148.45000 0.44674 0.00000
-148.35000 0.17869 0.41935
-148.25000 0.26804 0.41935
-148.15000 0.26804 0.50323
-148.05000 0.08935 0.41935
-147.95000 0.17869 0.33548
-147.85000 0.35739 0.67097
-147.75000 0.53608 0.16774
-147.65000 0.44674 0.41935
-147.55000 0.26804 0.58710
-147.45000 0.35739 0.16774
-147.35000 0.17869 0.41935
-147.25000 0.26804 0.25161
-147.15000 0.35739 0.16774
-147.05000 0.17869 0.08387
-146.95000 0.26804 0.41935
-146.85000 0.00000 0.16774
-146.75000 0.08935 0.00000
-146.65000 0.26804 0.25161
-146.55000 0.17869 0.08387
-146.45000 0.17869 0.16774
-146.35000 0.17869 0.08387
-146.25000 0.08935 0.25161
-146.15000 0.17869 0.00000
-146.05000 0.00000 0.00000
-145.95000 0.08935 0.16774
-145.85000 0.00000 0.00000
-145.75000 0.08935 0.08387
-145.65000 0.08935 0.16774
-145.55000 0.00000 0.25161
-145.45000 0.00000 0.00000
-145.35000 0.08935 0.08387
-145.25000 0.08935 0.00000
-145.15000 0.00000 0.16774
-145.05000 0.26804 0.00000
-144.95000 0.00000 0.00000
-144.85000 0.08935 0.00000
-144.75000 0.26804 0.00000
-144.65000 0.00000 0.00000
-144.55000 0.08935 0.08387
-144.45000 0.00000 0.00000
-144.35000 0.00000 0.08387
-144.25000 0.00000 0.08387
-144.15000 0.00000 0.08387
-144.05000 0.00000 0.00000
-143.95000 0.00000 0.08387
-143.85000 0.00000 0.08387
-143.75000 0.08935 0.08387
-143.65000 0.00000 0.00000
-143.55000 0.00000 0.00000
-143.45000 0.00000 0.00000
-143.35000 0.00000 0.08387
-143.25000 0.08935 0.00000
-143.15000 0.00000 0.00000
-143.05000 0.08935 0.00000
-142.95000 0.00000 0.00000
-142.85000 0.00000 0.00000
-142.75000 0.00000 0.00000
-142.65000 0.00000 0.00000
-142.55000 0.08935 0.00000
-142.45000 0.00000 0.00000
-142.35000 0.17869 0.08387
-142.25000 0.00000 0.00000
-142.15000 0.00000 0.00000
-142.05000 0.00000 0.08387
-141.95000 0.00000 0.00000
-141.85000 0.00000 0.08387
-141.75000 0.17869 0.00000
-141.65000 0.00000 0.08387
-141.55000 0.00000 0.00000
-141.45000 0.08935 0.08387
-141.35000 0.00000 0.08387
-141.25000 0.00000 0.25161
-141.15000 0.00000 0.00000
-141.05000 0.08935 0.00000
-140.95000 0.00000 0.00000
-140.85000 0.00000 0.08387
-140.75000 0.00000 0.08387
-140.65000 0.08935 0.08387
-140.55000 0.35739 0.08387
-140.45000 0.08935 0.00000
-140.35000 0.00000 0.25161
-140.25000 0.00000 0.00000
-140.15000 0.08935 0.25161
-140.05000 0.08935 0.00000
-139.95000 0.08935 0.08387
-139.85000 0.00000 0.16774
-139.75000 0.08935 0.00000
-139.65000 0.08935 0.00000
-139.55000 0.17869 0.00000
-139.45000 0.08935 0.25161
-139.35000 0.08935 0.00000
-139.25000 0.08935 0.16774
-139.15000 0.35739 0.08387
-139.05000 0.00000 0.33548
-138.95000 0.26804 0.16774
-138.85000 0.17869 0.00000
-138.75000 0.71478 0.16774
-138.65000 0.35739 0.25161
-138.55000 0.44674 0.16774
-138.45000 0.17869 0.33548
-138.35000 0.53608 0.50323
-138.25000 0.35739 0.75484
-138.15000 0.62543 0.00000
-138.05000 0.35739 0.25161
-137.95000 0.35739 0.33548
-137.85000 0.53608 0.50323
-137.75000 0.53608 0.67097
-137.65000 0.62543 0.41935
-137.55000 0.80412 0.75484
-137.45000 0.26804 0.33548
-137.35000 0.26804 0.25161
-137.25000 1.16151 0.83871
-137.15000 0.98282 0.33548
-137.05000 0.71478 0.67097
-136.95000 0.44674 0.50323
-136.85000 0.89347 0.41935
-136.75000 0.62543 0.83871
-136.65000 0.44674 0.41935
-136.55000 0.62543 0.41935
-136.45000 0.53608 0.33548
-136.35000 0.62543 0.41935
-136.25000 0.26804 0.33548
-136.15000 0.62543 0.16774
-136.05000 0.53608 0.25161
-135.95000 0.44674 0.25161
-135.85000 0.17869 0.75484
-135.75000 0.44674 0.67097
-135.65000 0.08935 0.16774
-135.55000 0.17869 0.25161
-135.45000 0.44674 0.58710
-135.35000 0.26804 0.08387
-135.25000 0.17869 0.16774
-135.15000 0.08935 0.00000
-135.05000 0.26804 0.25161
-134.95000 0.17869 0.25161
-134.85000 0.35739 0.58710
-134.75000 0.35739 0.25161
-134.65000 0.00000 0.16774
-134.55000 0.08935 0.08387
-134.45000 0.35739 0.08387
-134.35000 0.35739 0.08387
-134.25000 0.26804 0.08387
-134.15000 0.17869 0.25161
-134.05000 0.26804 0.08387
-133.95000 0.08935 0.08387
-133.85000 0.17869 0.33548
-133.75000 0.17869 0.00000
-133.65000 0.17869 0.16774
-133.55000 0.08935 0.16774
-133.45000 0.00000 0.08387
-133.35000 0.08935 0.08387
-133.25000 0.08935 0.08387
-133.15000 0.08935 0.08387
-133.05000 0.00000 0.08387
-132.95000 0.08935 0.00000
-132.85000 0.00000 0.16774
-132.75000 0.08935 0.00000
-132.65000 0.00000 0.08387
-132.55000 0.08935 0.08387
-132.45000 0.08935 0.08387
-132.35000 0.08935 0.00000
-132.25000 0.08935 0.00000
-132.15000 0.08935 0.08387
-132.05000 0.08935 0.00000
-131.95000 0.00000 0.00000
-131.85000 0.00000 0.08387
-131.75000 0.00000 0.00000
-131.65000 0.00000 0.08387
-131.55000 0.17869 0.00000
-131.45000 0.08935 0.08387
-131.35000 0.08935 0.08387
-131.25000 0.00000 0.00000
-131.15000 0.00000 0.08387
-131.05000 0.00000 0.08387
-130.95000 0.00000 0.16774
-130.85000 0.00000 0.00000
-130.75000 0.00000 0.00000
-130.65000 0.08935 0.16774
-130.55000 0.00000 0.08387
-130.45000 0.00000 0.00000
-130.35000 0.00000 0.00000
-130.25000 0.00000 0.08387
-130.15000 0.00000 0.08387
-130.05000 0.08935 0.00000
-129.95000 0.08935 0.00000
-129.85000 0.00000 0.00000
-129.75000 0.00000 0.00000
-129.65000 0.00000 0.00000
-129.55000 0.00000 0.00000
-129.45000 0.08935 0.00000
-129.35000 0.00000 0.08387
-129.25000 0.00000 0.08387
-129.15000 0.00000 0.08387
-129.05000 0.08935 0.08387
-128.95000 0.08935 0.08387
-128.85000 0.00000 0.00000
-128.75000 0.08935 0.08387
-128.65000 0.00000 0.00000
-128.55000 0.00000 0.08387
-128.45000 0.00000 0.00000
-128.35000 0.08935 0.25161
-128.25000 0.00000 0.16774
-128.15000 0.17869 0.25161
-128.05000 0.08935 0.00000
-127.95000 0.00000 0.16774
-127.85000 0.08935 0.08387
-127.75000 0.00000 0.00000
-127.65000 0.17869 0.25161
-127.55000 0.08935 0.08387
-127.45000 0.00000 0.16774
-127.35000 0.08935 0.16774
-127.25000 0.00000 0.08387
-127.15000 0.08935 0.08387
-127.05000 0.17869 0.00000
-126.95000 0.08935 0.00000
-126.85000 0.08935 0.25161
-126.75000 0.08935 0.08387
-126.65000 0.17869 0.08387
-126.55000 0.08935 0.08387
-126.45000 0.08935 0.33548
-126.35000 0.00000 0.16774
-126.25000 0.08935 0.41935
-126.15000 0.35739 0.33548
-126.05000 0.26804 0.00000
-125.95000 0.35739 0.50323
-125.85000 0.35739 0.25161
-125.75000 0.71478 0.25161
-125.65000 0.44674 0.33548
-125.55000 0.44674 0.50323
-125.45000 0.71478 0.58710
-125.35000 0.89347 0.58710
-125.25000 0.98282 0.67097
-125.15000 0.89347 1.25806
-125.05000 0.62543 0.92258
-124.95000 0.62543 0.50323
-124.85000 0.35739 0.50323
-124.75000 0.62543 0.92258
-124.65000 0.35739 0.50323
-124.55000 1.07216 0.41935
-124.45000 0.35739 0.67097
-124.35000 0.98282 0.83871
-124.25000 0.35739 0.08387
-124.15000 0.44674 1.25806
-124.05000 0.08935 0.58710
-123.95000 0.44674 0.50323
-123.85000 0.44674 0.67097
-123.75000 0.62543 0.25161
-123.65000 0.35739 0.33548
-123.55000 0.26804 0.41935
-123.45000 0.26804 0.41935
-123.35000 0.53608 0.25161
-123.25000 0.08935 0.33548
-123.15000 0.08935 0.33548
-123.05000 0.08935 0.16774
-122.95000 0.17869 0.41935
-122.85000 0.26804 0.33548
-122.75000 0.17869 0.08387
-122.65000 0.53608 0.08387
-122.55000 0.26804 0.33548
-122.45000 0.08935 0.25161
-122.35000 0.26804 0.00000
-122.25000 0.17869 0.50323
-122.15000 0.08935 0.08387
-122.05000 0.35739 0.16774
-121.95000 0.17869 0.33548
-121.85000 0.08935 0.25161
-121.75000 0.08935 0.00000
-121.65000 0.08935 0.25161
-121.55000 0.17869 0.25161
-121.45000 0.26804 0.16774
-121.35000 0.08935 0.08387
-121.25000 0.26804 0.00000
-121.15000 0.26804 0.00000
-121.05000 0.17869 0.00000
-120.95000 0.08935 0.00000
-120.85000 0.08935 0.16774
-120.75000 0.00000 0.16774
-120.65000 0.17869 0.16774
-120.55000 0.08935 0.25161
-120.45000 0.08935 0.00000
-120.35000 0.08935 0.08387
-120.25000 0.17869 0.00000
-120.15000 0.17869 0.08387
-120.05000 0.00000 0.25161
-119.95000 0.08935 0.00000
-119.85000 0.08935 0.00000
-119.75000 0.00000 0.00000
-119.65000 0.00000 0.08387
-119.55000 0.00000 0.00000
-119.45000 0.00000 0.00000
-119.35000 0.08935 0.08387
-119.25000 0.17869 0.00000
-119.15000 0.08935 0.08387
-119.05000 0.08935 0.08387
-118.95000 0.08935 0.08387
-118.85000 0.00000 0.08387
-118.75000 0.00000 0.08387
-118.65000 0.00000 0.00000
-118.55000 0.00000 0.08387
-118.45000 0.08935 0.08387
-118.35000 0.08935 0.00000
-118.25000 0.00000 0.00000
-118.15000 0.17869 0.00000
-118.05000 0.00000 0.00000
-117.95000 0.00000 0.00000
-117.85000 0.08935 0.08387
-117.75000 0.00000 0.08387
-117.65000 0.00000 0.00000
-117.55000 0.00000 0.00000
-117.45000 0.17869 0.00000
-117.35000 0.08935 0.08387
-117.25000 0.08935 0.08387
-117.15000 0.08935 0.00000
-117.05000 0.08935 0.00000
-116.95000 0.00000 0.00000
-116.85000 0.00000 0.16774
-116.75000 0.00000 0.25161
-116.65000 0.00000 0.00000
-116.55000 0.00000 0.08387
-116.45000 0.00000 0.00000
-116.35000 0.00000 0.00000
-116.25000 0.00000 0.00000
-116.15000 0.00000 0.08387
-116.05000 0.00000 0.00000
-115.95000 0.00000 0.00000
-115.85000 0.08935 0.00000
-115.75000 0.00000 0.00000
-115.65000 0.08935 0.25161
-115.55000 0.08935 0.00000
-115.45000 0.00000 0.00000
-115.35000 0.00000 0.08387
-115.25000 0.00000 0.08387
-115.15000 0.00000 0.16774
-115.05000 0.08935 0.25161
-114.95000 0.00000 0.08387
-114.85000 0.26804 0.00000
-114.75000 0.08935 0.08387
-114.65000 0.17869 0.25161
-114.55000 0.26804 0.08387
-114.45000 0.08935 0.25161
-114.35000 0.26804 0.16774
-114.25000 0.17869 0.16774
-114.15000 0.35739 0.41935
-114.05000 0.17869 0.08387
-113.95000 0.08935 0.25161
-113.85000 0.35739 0.08387
-113.75000 0.08935 0.25161
-113.65000 0.71478 0.08387
-113.55000 0.35739 0.33548
-113.45000 0.26804 0.25161
-113.35000 0.44674 0.41935
-113.25000 0.44674 0.75484
-113.15000 0.35739 0.58710
-113.05000 0.44674 0.41935
-112.95000 0.53608 0.41935
-112.85000 0.62543 0.75484
-112.75000 0.44674 0.58710
-112.65000 0.89347 0.92258
-112.55000 0.71478 0.83871
-112.45000 0.62543 0.83871
-112.35000 0.53608 0.75484
-112.25000 0.71478 0.25161
-112.15000 0.71478 0.50323
-112.05000 0.89347 0.50323
-111.95000 0.80412 0.83871
-111.85000 0.44674 0.41935
-111.75000 0.35739 0.75484
-111.65000 0.44674 0.58710
-111.55000 0.35739 1.00645
-111.45000 0.35739 0.33548
-111.35000 0.53608 0.75484
-111.25000 0.44674 0.25161
-111.15000 0.62543 0.33548
-111.05000 0.35739 0.41935
-110.95000 0.26804 0.33548
-110.85000 0.00000 0.33548
-110.75000 0.26804 0.33548
-110.65000 0.08935 0.16774
-110.55000 0.35739 0.50323
-110.45000 0.17869 0.16774
-110.35000 0.26804 0.25161
-110.25000 0.26804 0.08387
-110.15000 0.53608 0.00000
-110.05000 0.44674 0.33548
-109.95000 0.08935 0.16774
-109.85000 0.26804 0.16774
-109.75000 0.26804 0.08387
-109.65000 0.17869 0.08387
-109.55000 0.26804 0.00000
-109.45000 0.44674 0.25161
-109.35000 0.17869 0.16774
-109.25000 0.00000 0.25161
-109.15000 0.26804 0.33548
-109.05000 0.17869 0.00000
-108.95000 0.17869 0.00000
-108.85000 0.00000 0.41935
-108.75000 0.08935 0.16774
-108.65000 0.17869 0.16774
-108.55000 0.08935 0.16774
-108.45000 0.08935 0.08387
-108.35000 0.08935 0.08387
-108.25000 0.26804 0.25161
-108.15000 0.08935 0.16774
-108.05000 0.08935 0.08387
-107.95000 0.00000 0.00000
-107.85000 0.00000 0.08387
-107.75000 0.08935 0.00000
-107.65000 0.08935 0.00000
-107.55000 0.00000 0.00000
-107.45000 0.08935 0.25161
-107.35000 0.00000 0.25161
-107.25000 0.00000 0.08387
-107.15000 0.08935 0.08387
-107.05000 0.00000 0.16774
-106.95000 0.08935 0.25161
-106.85000 0.08935 0.00000
-106.75000 0.00000 0.00000
-106.65000 0.00000 0.16774
-106.55000 0.00000 0.00000
-106.45000 0.00000 0.00000
-106.35000 0.00000 0.08387
-106.25000 0.00000 0.00000
-106.15000 0.00000 0.08387
-106.05000 0.00000 0.00000
-105.95000 0.00000 0.00000
-105.85000 0.00000 0.00000
-105.75000 0.08935 0.00000
-105.65000 0.00000 0.08387
-105.55000 0.08935 0.00000
-105.45000 0.00000 0.00000
-105.35000 0.00000 0.08387
-105.25000 0.00000 0.08387
-105.15000 0.00000 0.00000
-105.05000 0.00000 0.08387
-104.95000 0.00000 0.00000
-104.85000 0.00000 0.00000
-104.75000 0.00000 0.00000
-104.65000 0.00000 0.00000
-104.55000 0.08935 0.00000
-104.45000 0.00000 0.08387
-104.35000 0.00000 0.25161
-104.25000 0.17869 0.08387
-104.15000 0.08935 0.00000
-104.05000 0.08935 0.00000
-103.95000 0.00000 0.16774
-103.85000 0.17869 0.00000
-103.75000 0.00000 0.00000
-103.65000 0.00000 0.08387
-103.55000 0.00000 0.00000
-103.45000 0.08935 0.00000
-103.35000 0.00000 0.00000
-103.25000 0.00000 0.08387
-103.15000 0.00000 0.08387
-103.05000 0.00000 0.00000
-102.95000 0.00000 0.00000
-102.85000 0.17869 0.00000
-102.75000 0.00000 0.00000
-102.65000 0.08935 0.00000
-102.55000 0.08935 0.16774
-102.45000 0.08935 0.08387
-102.35000 0.00000 0.16774
-102.25000 0.08935 0.33548
-102.15000 0.08935 0.08387
-102.05000 0.26804 0.33548
-101.95000 0.17869 0.25161
-101.85000 0.17869 0.16774
-101.75000 0.17869 0.08387
-101.65000 0.08935 0.16774
-101.55000 0.17869 0.08387
-101.45000 0.17869 0.16774
-101.35000 0.17869 0.50323
-101.25000 0.44674 0.33548
-101.15000 0.26804 0.25161
-101.05000 0.26804 0.50323
-100.95000 0.35739 0.25161
-100.85000 0.62543 0.41935
-100.75000 0.35739 0.25161
-100.65000 0.44674 0.41935
-100.55000 0.26804 0.58710
-100.45000 0.98282 0.41935
-100.35000 0.89347 0.58710
-100.25000 0.35739 0.58710
-100.15000 0.71478 0.50323
-100.05000 0.98282 0.67097
-99.95000 0.71478 0.67097
-99.85000 0.80412 0.41935
-99.75000 0.17869 0.50323
-99.65000 0.53608 0.25161
-99.55000 0.62543 0.50323
-99.45000 0.62543 0.67097
-99.35000 0.80412 0.67097
-99.25000 0.71478 1.00645
-99.15000 0.26804 0.16774
-99.05000 0.71478 0.25161
-98.95000 0.53608 0.41935
-98.85000 0.71478 0.41935
-98.75000 0.62543 0.67097
-98.65000 0.44674 0.16774
-98.55000 0.44674 0.67097
-98.45000 0.71478 0.41935
-98.35000 0.62543 0.67097
-98.25000 0.17869 0.50323
-98.15000 0.17869 0.41935
-98.05000 0.44674 0.25161
-97.95000 0.17869 0.33548
-97.85000 0.26804 0.00000
-97.75000 0.17869 0.16774
-97.65000 0.35739 0.08387
-97.55000 0.26804 0.16774
-97.45000 0.35739 0.33548
-97.35000 0.26804 0.16774
-97.25000 0.26804 0.08387
-97.15000 0.17869 0.00000
-97.05000 0.08935 0.33548
-96.95000 0.08935 0.41935
-96.85000 0.08935 0.00000
-96.75000 0.17869 0.33548
-96.65000 0.26804 0.00000
-96.55000 0.00000 0.25161
-96.45000 0.26804 0.08387
-96.35000 0.08935 0.16774
-96.25000 0.17869 0.16774
-96.15000 0.00000 0.00000
-96.05000 0.00000 0.08387
-95.95000 0.00000 0.00000
-95.85000 0.17869 0.00000
-95.75000 0.26804 0.00000
-95.65000 0.08935 0.08387
-95.55000 0.17869 0.00000
-95.45000 0.08935 0.08387
-95.35000 0.00000 0.08387
-95.25000 0.08935 0.00000
-95.15000 0.00000 0.08387
-95.05000 0.08935 0.16774
-94.95000 0.08935 0.25161
-94.85000 0.08935 0.00000
-94.75000 0.00000 0.00000
-94.65000 0.08935 0.08387
-94.55000 0.35739 0.08387
-94.45000 0.00000 0.25161
-94.35000 0.00000 0.08387
-94.25000 0.00000 0.00000
-94.15000 0.00000 0.08387
-94.05000 0.08935 0.08387
-93.95000 0.00000 0.08387
-93.85000 0.00000 0.08387
-93.75000 0.08935 0.08387
-93.65000 0.00000 0.16774
-93.55000 0.00000 0.08387
-93.45000 0.00000 0.00000
-93.35000 0.00000 0.00000
-93.25000 0.08935 0.00000
-93.15000 0.08935 0.08387
-93.05000 0.08935 0.00000
-92.95000 0.00000 0.08387
-92.85000 0.00000 0.00000
-92.75000 0.00000 0.00000
-92.65000 0.08935 0.00000
-92.55000 0.08935 0.00000
-92.45000 0.00000 0.00000
-92.35000 0.00000 0.00000
-92.25000 0.00000 0.00000
-92.15000 0.08935 0.00000
-92.05000 0.00000 0.00000
-91.95000 0.00000 0.00000
-91.85000 0.00000 0.08387
-91.75000 0.08935 0.08387
-91.65000 0.08935 0.08387
-91.55000 0.00000 0.00000
-91.45000 0.08935 0.16774
-91.35000 0.17869 0.08387
-91.25000 0.08935 0.08387
-91.15000 0.00000 0.08387
-91.05000 0.08935 0.16774
-90.95000 0.00000 0.08387
-90.85000 0.08935 0.00000
-90.75000 0.08935 0.00000
-90.65000 0.17869 0.08387
-90.55000 0.00000 0.08387
-90.45000 0.17869 0.08387
-90.35000 0.00000 0.08387
-90.25000 0.17869 0.00000
-90.15000 0.08935 0.00000
-90.05000 0.08935 0.08387
-89.95000 0.26804 0.08387
-89.85000 0.26804 0.25161
-89.75000 0.17869 0.08387
-89.65000 0.08935 0.00000
-89.55000 0.17869 0.33548
-89.45000 0.08935 0.33548
-89.35000 0.35739 0.25161
-89.25000 0.26804 0.58710
-89.15000 0.08935 0.16774
-89.05000 0.17869 0.33548
-88.95000 0.08935 0.08387
-88.85000 0.08935 0.33548
-88.75000 0.26804 0.25161
-88.65000 0.17869 0.25161
-88.55000 0.26804 0.16774
-88.45000 0.35739 0.16774
-88.35000 0.44674 0.25161
-88.25000 0.62543 0.75484
-88.15000 0.35739 0.08387
-88.05000 0.53608 0.58710
-87.95000 0.44674 0.41935
-87.85000 0.26804 0.58710
-87.75000 0.53608 0.58710
-87.65000 0.26804 0.25161
-87.55000 0.53608 0.50323
-87.45000 0.35739 1.25806
-87.35000 0.80412 0.41935
-87.25000 0.98282 0.75484
-87.15000 0.26804 0.41935
-87.05000 0.44674 0.67097
-86.95000 0.98282 0.50323
-86.85000 0.62543 0.41935
-86.75000 0.71478 0.41935
-86.65000 0.26804 0.16774
-86.55000 0.35739 0.75484
-86.45000 0.26804 0.75484
-86.35000 1.16151 0.33548
-86.25000 0.71478 0.16774
-86.15000 0.62543 0.33548
-86.05000 0.26804 0.33548
-85.95000 0.53608 0.50323
-85.85000 0.26804 0.50323
-85.75000 0.26804 0.50323
-85.65000 0.17869 0.33548
-85.55000 0.17869 0.41935
-85.45000 0.08935 0.16774
-85.35000 0.17869 0.58710
-85.25000 0.35739 0.33548
-85.15000 0.17869 0.16774
-85.05000 0.26804 0.25161
-84.95000 0.44674 0.41935
-84.85000 0.35739 0.08387
-84.75000 0.08935 0.16774
-84.65000 0.08935 0.16774
-84.55000 0.00000 0.08387
-84.45000 0.44674 0.25161
-84.35000 0.08935 0.08387
-84.25000 0.26804 0.16774
-84.15000 0.08935 0.08387
-84.05000 0.08935 0.41935
-83.95000 0.00000 0.08387
-83.85000 0.17869 0.16774
-83.75000 0.35739 0.16774
-83.65000 0.17869 0.16774
-83.55000 0.08935 0.08387
-83.45000 0.17869 0.00000
-83.35000 0.26804 0.33548
-83.25000 0.08935 0.16774
-83.15000 0.00000 0.08387
-83.05000 0.00000 0.00000
-82.95000 0.00000 0.00000
-82.85000 0.17869 0.00000
-82.75000 0.00000 0.16774
-82.65000 0.08935 0.00000
-82.55000 0.00000 0.08387
-82.45000 0.08935 0.16774
-82.35000 0.08935 0.00000
-82.25000 0.26804 0.00000
-82.15000 0.08935 0.00000
-82.05000 0.08935 0.00000
-81.95000 0.00000 0.00000
-81.85000 0.00000 0.08387
-81.75000 0.17869 0.00000
-81.65000 0.08935 0.08387
-81.55000 0.08935 0.08387
-81.45000 0.17869 0.00000
-81.35000 0.08935 0.00000
-81.25000 0.00000 0.00000
-81.15000 0.08935 0.08387
-81.05000 0.26804 0.00000
-80.95000 0.00000 0.00000
-80.85000 0.08935 0.08387
-80.75000 0.00000 0.08387
-80.65000 0.00000 0.00000
-80.55000 0.00000 0.00000
-80.45000 0.00000 0.00000
-80.35000 0.00000 0.00000
-80.25000 0.08935 0.00000
-80.15000 0.08935 0.00000
-80.05000 0.00000 0.00000
-79.95000 0.00000 0.00000
-79.85000 0.08935 0.00000
-79.75000 0.08935 0.00000
-79.65000 0.00000 0.16774
-79.55000 0.00000 0.08387
-79.45000 0.00000 0.00000
-79.35000 0.00000 0.00000
-79.25000 0.00000 0.00000
-79.15000 0.08935 0.00000
-79.05000 0.00000 0.00000
-78.95000 0.00000 0.00000
-78.85000 0.00000 0.00000
-78.75000 0.00000 0.08387
-78.65000 0.08935 0.00000
-78.55000 0.00000 0.00000
-78.45000 0.00000 0.08387
-78.35000 0.08935 0.00000
-78.25000 0.08935 0.00000
-78.15000 0.00000 0.08387
-78.05000 0.00000 0.08387
-77.95000 0.17869 0.08387
-77.85000 0.00000 0.00000
-77.75000 0.26804 0.08387
-77.65000 0.00000 0.00000
-77.55000 0.00000 0.00000
-77.45000 0.08935 0.00000
-77.35000 0.00000 0.08387
-77.25000 0.00000 0.08387
-77.15000 0.00000 0.16774
-77.05000 0.26804 0.08387
-76.95000 0.00000 0.16774
-76.85000 0.35739 0.08387
-76.75000 0.26804 0.25161
-76.65000 0.26804 0.16774
-76.55000 0.44674 0.08387
-76.45000 0.00000 0.16774
-76.35000 0.26804 0.33548
-76.25000 0.35739 0.08387
-76.15000 0.26804 0.25161
-76.05000 0.35739 0.67097
-75.95000 0.44674 0.08387
-75.85000 0.17869 0.33548
-75.75000 0.17869 0.08387
-75.65000 0.44674 0.41935
-75.55000 0.44674 0.58710
-75.45000 0.80412 0.58710
-75.35000 0.62543 0.41935
-75.25000 0.44674 0.25161
-75.15000 0.44674 0.50323
-75.05000 0.53608 0.25161
-74.95000 0.26804 0.50323
-74.85000 0.35739 0.83871
-74.75000 0.53608 0.67097
-74.65000 0.80412 0.25161
-74.55000 0.53608 0.33548
-74.45000 0.44674 0.50323
-74.35000 0.53608 0.41935
-74.25000 0.80412 0.58710
-74.15000 0.71478 0.58710
-74.05000 0.44674 0.50323
-73.95000 0.26804 0.50323
-73.85000 0.80412 0.41935
-73.75000 0.35739 0.16774
-73.65000 0.44674 0.33548
-73.55000 0.35739 0.16774
-73.45000 0.00000 0.33548
-73.35000 0.53608 0.25161
-73.25000 0.35739 0.58710
-73.15000 0.35739 0.33548
-73.05000 0.17869 0.33548
-72.95000 0.62543 0.25161
-72.85000 0.44674 0.25161
-72.75000 0.53608 0.50323
-72.65000 0.26804 0.16774
-72.55000 0.35739 0.16774
-72.45000 0.35739 0.25161
-72.35000 0.08935 0.41935
-72.25000 0.26804 0.16774
-72.15000 0.17869 0.08387
-72.05000 0.08935 0.00000
-71.95000 0.08935 0.08387
-71.85000 0.08935 0.08387
-71.75000 0.08935 0.16774
-71.65000 0.35739 0.16774
-71.55000 0.08935 0.00000
-71.45000 0.26804 0.08387
-71.35000 0.17869 0.16774
-71.25000 0.17869 0.16774
-71.15000 0.08935 0.08387
-71.05000 0.08935 0.08387
-70.95000 0.08935 0.08387
-70.85000 0.08935 0.08387
-70.75000 0.08935 0.08387
-70.65000 0.00000 0.16774
-70.55000 0.08935 0.08387
-70.45000 0.17869 0.16774
-70.35000 0.08935 0.08387
-70.25000 0.08935 0.16774
-70.15000 0.00000 0.00000
-70.05000 0.08935 0.16774
-69.95000 0.00000 0.25161
-69.85000 0.08935 0.00000
-69.75000 0.00000 0.00000
-69.65000 0.00000 0.00000
-69.55000 0.08935 0.00000
-69.45000 0.00000 0.00000
-69.35000 0.00000 0.00000
-69.25000 0.08935 0.08387
-69.15000 0.00000 0.00000
-69.05000 0.00000 0.00000
-68.95000 0.00000 0.00000
-68.85000 0.08935 0.08387
-68.75000 0.00000 0.08387
-68.65000 0.00000 0.00000
-68.55000 0.08935 0.00000
-68.45000 0.00000 0.00000
-68.35000 0.08935 0.00000
-68.25000 0.00000 0.08387
-68.15000 0.08935 0.08387
-68.05000 0.08935 0.00000
-67.95000 0.00000 0.08387
-67.85000 0.00000 0.00000
-67.75000 0.00000 0.00000
-67.65000 0.08935 0.16774
-67.55000 0.00000 0.08387
-67.45000 0.00000 0.16774
-67.35000 0.08935 0.16774
-67.25000 0.00000 0.08387
-67.15000 0.08935 0.08387
-67.05000 0.08935 0.00000
-66.95000 0.00000 0.00000
-66.85000 0.00000 0.00000
-66.75000 0.08935 0.00000
-66.65000 0.00000 0.00000
-66.55000 0.08935 0.00000
-66.45000 0.00000 0.00000
-66.35000 0.00000 0.08387
-66.25000 0.00000 0.00000
-66.15000 0.00000 0.08387
-66.05000 0.08935 0.00000
-65.95000 0.08935 0.00000
-65.85000 0.35739 0.00000
-65.75000 0.00000 0.00000
-65.65000 0.08935 0.00000
-65.55000 0.00000 0.16774
-65.45000 0.00000 0.00000
-65.35000 0.08935 0.08387
-65.25000 0.08935 0.16774
-65.15000 0.08935 0.00000
-65.05000 0.08935 0.00000
-64.95000 0.00000 0.08387
-64.85000 0.17869 0.16774
-64.75000 0.08935 0.25161
-64.65000 0.00000 0.08387
-64.55000 0.17869 0.08387
-64.45000 0.00000 0.00000
-64.35000 0.17869 0.25161
-64.25000 0.08935 0.08387
-64.15000 0.17869 0.16774
-64.05000 0.26804 0.41935
-63.95000 0.35739 0.25161
-63.85000 0.17869 0.58710
-63.75000 0.08935 0.16774
-63.65000 0.35739 0.25161
-63.55000 0.44674 0.08387
-63.45000 0.53608 0.25161
-63.35000 0.53608 0.58710
-63.25000 0.44674 0.75484
-63.15000 0.53608 0.50323
-63.05000 0.26804 0.58710
-62.95000 0.26804 0.41935
-62.85000 0.26804 0.25161
-62.75000 0.89347 0.50323
-62.65000 0.62543 0.41935
-62.55000 0.53608 0.50323
-62.45000 1.07216 0.92258
-62.35000 0.44674 0.41935
-62.25000 0.71478 1.09032
-62.15000 0.89347 0.67097
-62.05000 0.80412 0.58710
-61.95000 0.44674 0.75484
-61.85000 0.53608 0.58710
-61.75000 0.53608 0.33548
-61.65000 0.26804 0.50323
-61.55000 0.26804 0.75484
-61.45000 0.62543 0.16774
-61.35000 0.44674 0.16774
-61.25000 0.62543 0.67097
-61.15000 0.44674 0.50323
-61.05000 0.53608 0.33548
-60.95000 1.07216 0.08387
-60.85000 0.08935 0.41935
-60.75000 0.08935 0.33548
-60.65000 0.35739 0.58710
-60.55000 0.08935 0.25161
-60.45000 0.35739 0.50323
-60.35000 0.08935 0.41935
-60.25000 0.08935 0.41935
-60.15000 0.26804 0.25161
-60.05000 0.17869 0.33548
-59.95000 0.08935 0.25161
-59.85000 0.17869 0.25161
-59.75000 0.08935 0.41935
-59.65000 0.17869 0.41935
-59.55000 0.26804 0.16774
-59.45000 0.00000 0.00000
-59.35000 0.08935 0.00000
-59.25000 0.08935 0.33548
-59.15000 0.26804 0.16774
-59.05000 0.00000 0.16774
-58.95000 0.08935 0.00000
-58.85000 0.26804 0.08387
-58.75000 0.08935 0.08387
-58.65000 0.08935 0.00000
-58.55000 0.08935 0.25161
-58.45000 0.08935 0.25161
-58.35000 0.00000 0.00000
-58.25000 0.08935 0.08387
-58.15000 0.08935 0.00000
-58.05000 0.08935 0.16774
-57.95000 0.08935 0.00000
-57.85000 0.08935 0.08387
-57.75000 0.00000 0.00000
-57.65000 0.08935 0.00000
-57.55000 0.08935 0.08387
-57.45000 0.00000 0.33548
-57.35000 0.35739 0.00000
-57.25000 0.00000 0.00000
-57.15000 0.00000 0.16774
-57.05000 0.17869 0.00000
-56.95000 0.08935 0.16774
-56.85000 0.00000 0.00000
-56.75000 0.00000 0.00000
-56.65000 0.08935 0.00000
-56.55000 0.00000 0.08387
-56.45000 0.08935 0.08387
-56.35000 0.00000 0.08387
-56.25000 0.08935 0.00000
-56.15000 0.17869 0.00000
-56.05000 0.17869 0.08387
-55.95000 0.08935 0.00000
-55.85000 0.08935 0.00000
-55.75000 0.08935 0.00000
-55.65000 0.00000 0.00000
-55.55000 0.00000 0.00000
-55.45000 0.00000 0.00000
-55.35000 0.00000 0.00000
-55.25000 0.08935 0.00000
-55.15000 0.08935 0.00000
-55.05000 0.00000 0.00000
-54.95000 0.00000 0.00000
-54.85000 0.00000 0.08387
-54.75000 0.00000 0.00000
-54.65000 0.00000 0.00000
-54.55000 0.08935 0.08387
-54.45000 0.00000 0.08387
-54.35000 0.00000 0.00000
-54.25000 0.00000 0.00000
-54.15000 0.00000 0.00000
-54.05000 0.08935 0.00000
-53.95000 0.00000 0.00000
-53.85000 0.08935 0.08387
-53.75000 0.00000 0.16774
-53.65000 0.08935 0.00000
-53.55000 0.08935 0.08387
-53.45000 0.08935 0.08387
-53.35000 0.00000 0.00000
-53.25000 0.00000 0.08387
-53.15000 0.00000 0.00000
-53.05000 0.00000 0.00000
-52.95000 0.00000 0.00000
-52.85000 0.08935 0.00000
-52.75000 0.00000 0.00000
-52.65000 0.08935 0.00000
-52.55000 0.08935 0.08387
-52.45000 0.00000 0.08387
-52.35000 0.17869 0.00000
-52.25000 0.26804 0.08387
-52.15000 0.08935 0.08387
-52.05000 0.26804 0.25161
-51.95000 0.26804 0.00000
-51.85000 0.17869 0.00000
-51.75000 0.17869 0.00000
-51.65000 0.26804 0.25161
-51.55000 0.08935 0.33548
-51.45000 0.35739 0.33548
-51.35000 0.17869 0.08387
-51.25000 0.26804 0.33548
-51.15000 0.35739 0.16774
-51.05000 0.71478 0.25161
-50.95000 0.26804 0.16774
-50.85000 0.35739 0.50323
-50.75000 0.26804 0.67097
-50.65000 0.26804 0.08387
-50.55000 0.62543 0.25161
-50.45000 0.26804 0.75484
-50.35000 0.44674 0.67097
-50.25000 0.44674 0.58710
-50.15000 0.53608 0.83871
-50.05000 0.62543 0.67097
-49.95000 0.53608 0.58710
-49.85000 1.07216 0.25161
-49.75000 0.62543 0.67097
-49.65000 0.71478 0.41935
-49.55000 0.35739 0.33548
-49.45000 0.35739 0.83871
-49.35000 0.62543 0.16774
-49.25000 0.62543 0.83871
-49.15000 0.44674 0.41935
-49.05000 0.71478 0.67097
-48.95000 0.53608 0.16774
-48.85000 0.35739 0.58710
-48.75000 0.71478 0.41935
-48.65000 0.62543 0.33548
-48.55000 0.44674 0.58710
-48.45000 0.26804 0.33548
-48.35000 0.17869 0.08387
-48.25000 0.44674 0.58710
-48.15000 0.08935 0.41935
-48.05000 0.44674 0.58710
-47.95000 0.62543 0.25161
-47.85000 0.71478 0.41935
-47.75000 0.26804 0.41935
-47.65000 0.17869 0.25161
-47.55000 0.53608 0.16774
-47.45000 0.17869 0.16774
-47.35000 0.08935 0.08387
-47.25000 0.00000 0.16774
-47.15000 0.26804 0.00000
-47.05000 0.08935 0.08387
-46.95000 0.26804 0.25161
-46.85000 0.08935 0.16774
-46.75000 0.17869 0.16774
-46.65000 0.35739 0.08387
-46.55000 0.17869 0.08387
-46.45000 0.26804 0.16774
-46.35000 0.17869 0.00000
-46.25000 0.17869 0.00000
-46.15000 0.26804 0.00000
-46.05000 0.17869 0.00000
-45.95000 0.00000 0.08387
-45.85000 0.35739 0.08387
-45.75000 0.17869 0.08387
-45.65000 0.00000 0.00000
-45.55000 0.00000 0.00000
-45.45000 0.00000 0.08387
-45.35000 0.00000 0.00000
-45.25000 0.08935 0.08387
-45.15000 0.00000 0.00000
-45.05000 0.00000 0.00000
-44.95000 0.26804 0.00000
-44.85000 0.00000 0.08387
-44.75000 0.08935 0.08387
-44.65000 0.00000 0.08387
-44.55000 0.08935 0.16774
-44.45000 0.00000 0.16774
-44.35000 0.08935 0.00000
-44.25000 0.00000 0.08387
-44.15000 0.08935 0.08387
-44.05000 0.00000 0.00000
-43.95000 0.00000 0.08387
-43.85000 0.08935 0.00000
-43.75000 0.00000 0.00000
-43.65000 0.00000 0.00000
-43.55000 0.00000 0.00000
-43.45000 0.00000 0.00000
-43.35000 0.00000 0.08387
-43.25000 0.17869 0.00000
-43.15000 0.08935 0.16774
-43.05000 0.00000 0.08387
-42.95000 0.08935 0.08387
-42.85000 0.00000 0.08387
-42.75000 0.00000 0.00000
-42.65000 0.00000 0.00000
-42.55000 0.00000 0.00000
-42.45000 0.00000 0.08387
-42.35000 0.00000 0.08387
-42.25000 0.00000 0.00000
-42.15000 0.00000 0.00000
-42.05000 0.00000 0.00000
-41.95000 0.08935 0.00000
-41.85000 0.00000 0.00000
-41.75000 0.08935 0.00000
-41.65000 0.08935 0.08387
-41.55000 0.08935 0.08387
-41.45000 0.00000 0.00000
-41.35000 0.08935 0.00000
-41.25000 0.17869 0.16774
-41.15000 0.00000 0.00000
-41.05000 0.17869 0.00000
-40.95000 0.00000 0.00000
-40.85000 0.00000 0.08387
-40.75000 0.00000 0.00000
-40.65000 0.00000 0.08387
-40.55000 0.08935 0.00000
-40.45000 0.00000 0.08387
-40.35000 0.08935 0.08387
-40.25000 0.00000 0.25161
-40.15000 0.08935 0.16774
-40.05000 0.26804 0.08387
-39.95000 0.00000 0.00000
-39.85000 0.08935 0.08387
-39.75000 0.00000 0.16774
-39.65000 0.17869 0.08387
-39.55000 0.08935 0.16774
-39.45000 0.00000 0.00000
-39.35000 0.17869 0.25161
-39.25000 0.44674 0.08387
-39.15000 0.26804 0.16774
-39.05000 0.26804 0.16774
-38.95000 0.17869 0.41935
-38.85000 0.26804 0.33548
-38.75000 0.00000 0.25161
-38.65000 0.44674 0.25161
-38.55000 0.53608 0.50323
-38.45000 0.00000 0.08387
-38.35000 0.17869 0.58710
-38.25000 0.35739 0.33548
-38.15000 0.35739 0.83871
-38.05000 0.89347 0.50323
-37.95000 0.71478 0.25161
-37.85000 0.26804 0.58710
-37.75000 0.53608 0.83871
-37.65000 0.53608 0.41935
-37.55000 0.44674 0.41935
-37.45000 0.80412 0.58710
-37.35000 0.98282 0.50323
-37.25000 0.71478 0.25161
-37.15000 0.62543 0.25161
-37.05000 0.35739 0.33548
-36.95000 0.80412 0.33548
-36.85000 0.62543 0.58710
-36.75000 0.08935 0.41935
-36.65000 0.53608 0.50323
-36.55000 0.26804 0.67097
-36.45000 0.35739 0.67097
-36.35000 0.53608 0.33548
-36.25000 0.44674 0.41935
-36.15000 0.26804 0.16774
-36.05000 0.53608 0.33548
-35.95000 0.08935 0.16774
-35.85000 0.26804 0.50323
-35.75000 0.80412 0.41935
-35.65000 0.17869 0.33548
-35.55000 0.26804 0.25161
-35.45000 0.62543 0.08387
-35.35000 0.44674 0.08387
-35.25000 0.08935 0.08387
-35.15000 0.08935 0.33548
-35.05000 0.08935 0.08387
-34.95000 0.08935 0.16774
-34.85000 0.26804 0.25161
-34.75000 0.17869 0.08387
-34.65000 0.26804 0.08387
-34.55000 0.35739 0.50323
-34.45000 0.17869 0.16774
-34.35000 0.17869 0.16774
-34.25000 0.00000 0.16774
-34.15000 0.17869 0.00000
-34.05000 0.26804 0.16774
-33.95000 0.17869 0.16774
-33.85000 0.00000 0.08387
-33.75000 0.08935 0.16774
-33.65000 0.08935 0.00000
-33.55000 0.00000 0.00000
-33.45000 0.26804 0.16774
-33.35000 0.08935 0.16774
-33.25000 0.08935 0.00000
-33.15000 0.00000 0.00000
-33.05000 0.08935 0.16774
-32.95000 0.26804 0.16774
-32.85000 0.00000 0.08387
-32.75000 0.26804 0.08387
-32.65000 0.08935 0.08387
-32.55000 0.08935 0.08387
-32.45000 0.00000 0.08387
-32.35000 0.08935 0.08387
-32.25000 0.00000 0.00000
-32.15000 0.00000 0.00000
-32.05000 0.00000 0.08387
-31.95000 0.08935 0.08387
-31.85000 0.08935 0.00000
-31.75000 0.00000 0.16774
-31.65000 0.17869 0.00000
-31.55000 0.00000 0.00000
-31.45000 0.08935 0.00000
-31.35000 0.08935 0.00000
-31.25000 0.00000 0.00000
-31.15000 0.08935 0.00000
-31.05000 0.00000 0.00000
-30.95000 0.08935 0.00000
-30.85000 0.00000 0.00000
-30.75000 0.00000 0.08387
-30.65000 0.00000 0.08387
-30.55000 0.00000 0.08387
-30.45000 0.00000 0.08387
-30.35000 0.08935 0.08387
-30.25000 0.08935 0.00000
-30.15000 0.00000 0.00000
-30.05000 0.08935 0.00000
-29.95000 0.00000 0.00000
-29.85000 0.08935 0.00000
-29.75000 0.00000 0.08387
-29.65000 0.00000 0.00000
-29.55000 0.00000 0.00000
-29.45000 0.00000 0.00000
-29.35000 0.00000 0.00000
-29.25000 0.00000 0.16774
-29.15000 0.00000 0.08387
-29.05000 0.00000 0.08387
-28.95000 0.00000 0.00000
-28.85000 0.00000 0.00000
-28.75000 0.00000 0.08387
-28.65000 0.00000 0.08387
-28.55000 0.00000 0.00000
-28.45000 0.35739 0.00000
-28.35000 0.08935 0.00000
-28.25000 0.08935 0.16774
-28.15000 0.00000 0.25161
-28.05000 0.00000 0.08387
-27.95000 0.00000 0.00000
-27.85000 0.00000 0.08387
-27.75000 0.08935 0.00000
-27.65000 0.08935 0.08387
-27.55000 0.00000 0.08387
-27.45000 0.08935 0.00000
-27.35000 0.00000 0.08387
-27.25000 0.08935 0.00000
-27.15000 0.17869 0.00000
-27.05000 0.26804 0.16774
-26.95000 0.17869 0.08387
-26.85000 0.08935 0.25161
-26.75000 0.00000 0.08387
-26.65000 0.17869 0.00000
-26.55000 0.26804 0.25161
-26.45000 0.26804 0.16774
-26.35000 0.00000 0.16774
-26.25000 0.08935 0.33548
-26.15000 0.08935 0.41935
-26.05000 0.08935 0.08387
-25.95000 0.44674 0.41935
-25.85000 0.26804 0.41935
-25.75000 0.26804 0.33548
-25.65000 0.35739 0.25161
-25.55000 0.71478 0.16774
-25.45000 0.98282 0.41935
-25.35000 0.35739 0.58710
-25.25000 0.71478 0.33548
-25.15000 0.89347 0.58710
-25.05000 0.62543 0.50323
-24.95000 0.53608 0.67097
-24.85000 0.35739 0.33548
-24.75000 0.35739 0.67097
-24.65000 0.26804 0.83871
-24.55000 0.62543 0.58710
-24.45000 0.26804 0.58710
-24.35000 0.17869 0.41935
-24.25000 0.62543 0.67097
-24.15000 0.44674 0.16774
-24.05000 0.26804 0.83871
-23.95000 0.53608 0.58710
-23.85000 0.17869 0.25161
-23.75000 0.35739 0.33548
-23.65000 0.26804 0.50323
-23.55000 0.71478 0.83871
-23.45000 0.26804 0.16774
-23.35000 0.26804 0.08387
-23.25000 0.17869 0.08387
-23.15000 0.26804 0.08387
-23.05000 0.08935 0.16774
-22.95000 0.80412 0.50323
-22.85000 0.08935 0.33548
-22.75000 0.17869 0.50323
-22.65000 0.17869 0.25161
-22.55000 0.00000 0.00000
-22.45000 0.35739 0.08387
-22.35000 0.26804 0.25161
-22.25000 0.08935 0.25161
-22.15000 0.17869 0.08387
-22.05000 0.26804 0.41935
-21.95000 0.08935 0.08387
-21.85000 0.17869 0.16774
-21.75000 0.17869 0.25161
-21.65000 0.08935 0.08387
-21.55000 0.08935 0.33548
-21.45000 0.17869 0.16774
-21.35000 0.00000 0.16774
-21.25000 0.00000 0.16774
-21.15000 0.17869 0.08387
-21.05000 0.00000 0.08387
-20.95000 0.08935 0.16774
-20.85000 0.35739 0.25161
-20.75000 0.00000 0.08387
-20.65000 0.00000 0.16774
-20.55000 0.26804 0.08387
-20.45000 0.08935 0.16774
-20.35000 0.00000 0.08387
-20.25000 0.17869 0.08387
-20.15000 0.26804 0.00000
-20.05000 0.35739 0.08387
-19.95000 0.08935 0.08387
-19.85000 0.08935 0.08387
-19.75000 0.08935 0.08387
-19.65000 0.08935 0.00000
-19.55000 0.08935 0.00000
-19.45000 0.00000 0.00000
-19.35000 0.00000 0.08387
-19.25000 0.08935 0.08387
-19.15000 0.00000 0.00000
-19.05000 0.08935 0.08387
-18.95000 0.08935 0.00000
-18.85000 0.00000 0.08387
-18.75000 0.08935 0.08387
-18.65000 0.26804 0.00000
-18.55000 0.00000 0.08387
-18.45000 0.00000 0.00000
-18.35000 0.00000 0.08387
-18.25000 0.08935 0.00000
-18.15000 0.00000 0.00000
-18.05000 0.00000 0.00000
-17.95000 0.00000 0.08387
-17.85000 0.00000 0.00000
-17.75000 0.00000 0.00000
-17.65000 0.00000 0.00000
-17.55000 0.08935 0.00000
-17.45000 0.00000 0.00000
-17.35000 0.00000 0.00000
-17.25000 0.08935 0.00000
-17.15000 0.00000 0.00000
-17.05000 0.00000 0.00000
-16.95000 0.00000 0.00000
-16.85000 0.00000 0.00000
-16.75000 0.08935 0.08387
-16.65000 0.00000 0.00000
-16.55000 0.00000 0.00000
-16.45000 0.08935 0.00000
-16.35000 0.00000 0.00000
-16.25000 0.00000 0.00000
-16.15000 0.00000 0.08387
-16.05000 0.00000 0.08387
-15.95000 0.00000 0.08387
-15.85000 0.00000 0.00000
-15.75000 0.00000 0.08387
-15.65000 0.00000 0.08387
-15.55000 0.08935 0.08387
-15.45000 0.08935 0.16774
-15.35000 0.00000 0.00000
-15.25000 0.08935 0.00000
-15.15000 0.00000 0.08387
-15.05000 0.17869 0.08387
-14.95000 0.08935 0.08387
-14.85000 0.00000 0.16774
-14.75000 0.08935 0.16774
-14.65000 0.00000 0.08387
-14.55000 0.26804 0.16774
-14.45000 0.08935 0.00000
-14.35000 0.00000 0.08387
-14.25000 0.08935 0.16774
-14.15000 0.08935 0.33548
-14.05000 0.26804 0.00000
-13.95000 0.08935 0.16774
-13.85000 0.08935 0.08387
-13.75000 0.44674 0.25161
-13.65000 0.17869 0.83871
-13.55000 0.44674 0.41935
-13.45000 0.17869 0.25161
-13.35000 0.08935 0.25161
-13.25000 0.08935 0.33548
-13.15000 0.08935 0.50323
-13.05000 0.71478 0.33548
-12.95000 0.53608 0.08387
-12.85000 0.17869 0.16774
-12.75000 0.62543 0.41935
-12.65000 0.62543 0.58710
-12.55000 0.26804 0.75484
-12.45000 0.53608 0.75484
-12.35000 0.17869 0.33548
-12.25000 0.53608 0.67097
-12.15000 0.35739 0.41935
-12.05000 0.98282 0.33548
-11.95000 0.80412 0.41935
-11.85000 0.44674 0.41935
-11.75000 0.53608 0.41935
-11.65000 0.44674 0.41935
-11.55000 0.26804 0.50323
-11.45000 0.08935 0.08387
-11.35000 0.08935 0.16774
-11.25000 0.17869 0.41935
-11.15000 0.26804 0.41935
-11.05000 0.26804 0.25161
-10.95000 0.17869 0.00000
-10.85000 0.35739 0.16774
-10.75000 0.44674 0.41935
-10.65000 0.08935 0.33548
-10.55000 0.44674 0.25161
-10.45000 0.08935 0.16774
-10.35000 0.08935 0.41935
-10.25000 0.08935 0.16774
-10.15000 0.26804 0.08387
-10.05000 0.35739 0.00000
-9.95000 0.44674 0.50323
-9.85000 0.00000 0.16774
-9.75000 0.17869 0.16774
-9.65000 0.17869 0.41935
-9.55000 0.08935 0.25161
-9.45000 0.26804 0.08387
-9.35000 0.08935 0.00000
-9.25000 0.08935 0.00000
-9.15000 0.08935 0.16774
-9.05000 0.00000 0.08387
-8.95000 0.08935 0.08387
-8.85000 0.26804 0.25161
-8.75000 0.00000 0.08387
-8.65000 0.00000 0.08387
-8.55000 0.00000 0.25161
-8.45000 0.17869 0.00000
-8.35000 0.08935 0.00000
-8.25000 0.08935 0.08387
-8.15000 0.00000 0.00000
-8.05000 0.08935 0.00000
-7.95000 0.17869 0.00000
-7.85000 0.08935 0.08387
-7.75000 0.08935 0.00000
-7.65000 0.08935 0.08387
-7.55000 0.00000 0.16774
-7.45000 0.00000 0.08387
-7.35000 0.00000 0.08387
-7.25000 0.00000 0.08387
-7.15000 0.08935 0.00000
-7.05000 0.08935 0.00000
-6.95000 0.17869 0.00000
-6.85000 0.00000 0.00000
-6.75000 0.08935 0.16774
-6.65000 0.00000 0.08387
-6.55000 0.08935 0.08387
-6.45000 0.08935 0.00000
-6.35000 0.08935 0.00000
-6.25000 0.00000 0.00000
-6.15000 0.00000 0.00000
-6.05000 0.00000 0.08387
-5.95000 0.00000 0.00000
-5.85000 0.08935 0.00000
-5.75000 0.00000 0.00000
-5.65000 0.00000 0.00000
-5.55000 0.17869 0.00000
-5.45000 0.00000 0.00000
-5.35000 0.00000 0.00000
-5.25000 0.00000 0.00000
-5.15000 0.00000 0.00000
-5.05000 0.00000 0.00000
-4.95000 0.00000 0.00000
-4.85000 0.00000 0.00000
-4.75000 0.00000 0.00000
-4.65000 0.08935 0.00000
-4.55000 0.00000 0.00000
-4.45000 0.00000 0.08387
-4.35000 0.00000 0.00000
-4.25000 0.00000 0.00000
-4.15000 0.00000 0.00000
-4.05000 0.00000 0.08387
-3.95000 0.00000 0.00000
-3.85000 0.00000 0.08387
-3.75000 0.08935 0.00000
-3.65000 0.00000 0.00000
-3.55000 0.00000 0.00000
-3.45000 0.08935 0.00000
-3.35000 0.00000 0.08387
-3.25000 0.00000 0.00000
-3.15000 0.08935 0.00000
-3.05000 0.08935 0.00000
-2.95000 0.08935 0.00000
-2.85000 0.17869 0.00000
-2.75000 0.00000 0.00000
-2.65000 0.00000 0.00000
-2.55000 0.08935 0.00000
-2.45000 0.08935 0.08387
-2.35000 0.00000 0.00000
-2.25000 0.00000 0.08387
-2.15000 0.00000 0.08387
-2.05000 0.08935 0.00000
-1.95000 0.08935 0.00000
-1.85000 0.00000 0.08387
-1.75000 0.08935 0.16774
-1.65000 0.00000 0.08387
-1.55000 0.00000 0.00000
-1.45000 0.08935 0.00000
-1.35000 0.08935 0.00000
-1.25000 0.08935 0.16774
-1.15000 0.35739 0.00000
-1.05000 0.08935 0.16774
-0.95000 0.08935 0.08387
-0.85000 0.53608 0.08387
-0.75000 0.44674 0.00000
-0.65000 0.53608 0.16774
-0.55000 0.53608 0.33548
-0.45000 0.98282 0.16774
-0.35000 0.80412 0.25161
-0.25000 1.42955 0.58710
-0.15000 2.32302 0.41935
-0.05000 2.85911 0.50323
0.05000 2.94845 1.00645
0.15000 4.46736 0.83871
0.25000 3.93128 0.58710
0.35000 3.93128 1.09032
0.45000 4.10998 0.41935
0.55000 4.02063 1.09032
0.65000 3.84193 1.09032
0.75000 3.39520 0.75484
0.85000 3.21649 0.41935
0.95000 2.68041 0.50323
1.05000 3.66324 0.58710
1.15000 2.68041 0.16774
1.25000 2.32302 0.92258
1.35000 2.68041 0.33548
1.45000 2.59107 0.50323
1.55000 1.78694 0.50323
1.65000 1.60825 0.75484
1.75000 1.07216 0.58710
1.85000 1.07216 0.50323
1.95000 1.42955 0.58710
2.05000 0.89347 0.41935
2.15000 0.44674 0.75484
2.25000 0.53608 0.25161
2.35000 0.26804 0.83871
2.45000 0.89347 0.58710
2.55000 0.44674 0.75484
2.65000 0.35739 0.50323
2.75000 0.17869 0.58710
2.85000 0.26804 0.75484
2.95000 0.26804 0.50323
3.05000 0.44674 0.83871
3.15000 0.08935 0.25161
3.25000 0.26804 0.67097
3.35000 0.17869 0.33548
3.45000 0.08935 0.41935
3.55000 0.00000 0.25161
3.65000 0.35739 0.16774
3.75000 0.08935 0.41935
3.85000 0.08935 0.33548
3.95000 0.00000 0.16774
4.05000 0.17869 0.08387
4.15000 0.17869 0.41935
4.25000 0.17869 0.25161
4.35000 0.00000 0.00000
4.45000 0.26804 0.00000
4.55000 0.26804 0.08387
4.65000 0.08935 0.00000
4.75000 0.17869 0.00000
4.85000 0.08935 0.16774
4.95000 0.17869 0.08387
5.05000 0.08935 0.08387
5.15000 0.08935 0.00000
5.25000 0.00000 0.00000
5.35000 0.00000 0.16774
5.45000 0.08935 0.00000
5.55000 0.00000 0.00000
5.65000 0.08935 0.00000
5.75000 0.00000 0.16774
5.85000 0.00000 0.00000
5.95000 0.00000 0.08387
6.05000 0.00000 0.00000
6.15000 0.08935 0.08387
6.25000 0.08935 0.08387
6.35000 0.00000 0.00000
6.45000 0.00000 0.16774
6.55000 0.00000 0.00000
6.65000 0.00000 0.00000
6.75000 0.00000 0.00000
6.85000 0.17869 0.08387
6.95000 0.00000 0.00000
7.05000 0.00000 0.08387
7.15000 0.00000 0.08387
7.25000 0.00000 0.00000
7.35000 0.08935 0.00000
7.45000 0.00000 0.08387
7.55000 0.00000 0.00000
7.65000 0.00000 0.00000
7.75000 0.00000 0.00000
7.85000 0.00000 0.00000
7.95000 0.00000 0.00000
8.05000 0.00000 0.08387
8.15000 0.00000 0.08387
8.25000 0.08935 0.08387
8.35000 0.00000 0.08387
8.45000 0.00000 0.08387
8.55000 0.08935 0.00000
8.65000 0.00000 0.00000
8.75000 0.00000 0.08387
8.85000 0.00000 0.08387
8.95000 0.00000 0.08387
9.05000 0.00000 0.00000
9.15000 0.00000 0.00000
9.25000 0.00000 0.00000
9.35000 0.00000 0.00000
9.45000 0.00000 0.00000
9.55000 0.08935 0.00000
9.65000 0.00000 0.08387
9.75000 0.00000 0.00000
9.85000 0.08935 0.00000
9.95000 0.08935 0.08387
10.05000 0.00000 0.00000
10.15000 0.00000 0.16774
10.25000 0.00000 0.00000
10.35000 0.08935 0.00000
10.45000 0.00000 0.16774
10.55000 0.17869 0.16774
10.65000 0.17869 0.08387
10.75000 0.17869 0.08387
10.85000 0.26804 0.16774
10.95000 0.17869 0.16774
11.05000 0.00000 0.00000
11.15000 0.26804 0.00000
11.25000 0.17869 0.00000
11.35000 0.26804 0.41935
11.45000 0.44674 0.33548
11.55000 0.35739 0.25161
11.65000 0.53608 0.08387
11.75000 0.53608 0.08387
11.85000 0.00000 0.41935
11.95000 0.53608 0.25161
12.05000 0.35739 0.50323
12.15000 0.44674 0.33548
12.25000 0.62543 0.33548
12.35000 0.44674 0.58710
12.45000 0.08935 0.50323
12.55000 0.17869 0.83871
12.65000 0.35739 0.50323
12.75000 0.44674 0.58710
12.85000 0.17869 0.58710
12.95000 0.98282 0.33548
13.05000 0.98282 0.50323
13.15000 0.44674 1.34194
13.25000 0.17869 0.33548
13.35000 0.53608 0.41935
13.45000 0.71478 0.41935
13.55000 0.53608 0.50323
13.65000 0.26804 0.33548
13.75000 0.35739 0.58710
13.85000 0.62543 0.67097
13.95000 0.17869 0.33548
14.05000 0.35739 0.41935
14.15000 0.26804 0.33548
14.25000 0.35739 0.25161
14.35000 0.26804 0.50323
14.45000 0.35739 0.33548
14.55000 0.44674 0.25161
14.65000 0.35739 0.25161
14.75000 0.17869 0.50323
14.85000 0.44674 0.33548
14.95000 0.35739 0.08387
15.05000 0.00000 0.08387
15.15000 0.17869 0.33548
15.25000 0.17869 0.16774
15.35000 0.08935 0.25161
15.45000 0.26804 0.08387
15.55000 0.26804 0.08387
15.65000 0.00000 0.16774
15.75000 0.08935 0.16774
15.85000 0.00000 0.25161
15.95000 0.08935 0.08387
16.05000 0.26804 0.33548
16.15000 0.00000 0.08387
16.25000 0.53608 0.00000
16.35000 0.08935 0.16774
16.45000 0.00000 0.00000
16.55000 0.17869 0.16774
16.65000 0.08935 0.08387
16.75000 0.00000 0.16774
16.85000 0.00000 0.00000
16.95000 0.00000 0.16774
17.05000 0.00000 0.16774
17.15000 0.00000 0.08387
17.25000 0.08935 0.16774
17.35000 0.17869 0.00000
17.45000 0.08935 0.16774
17.55000 0.00000 0.00000
17.65000 0.00000 0.00000
17.75000 0.00000 0.08387
17.85000 0.00000 0.16774
17.95000 0.00000 0.00000
18.05000 0.08935 0.08387
18.15000 0.00000 0.00000
18.25000 0.00000 0.00000
18.35000 0.00000 0.00000
18.45000 0.08935 0.00000
18.55000 0.08935 0.00000
18.65000 0.00000 0.00000
18.75000 0.00000 0.00000
18.85000 0.08935 0.08387
18.95000 0.00000 0.00000
19.05000 0.00000 0.00000
19.15000 0.00000 0.00000
19.25000 0.00000 0.16774
19.35000 0.00000 0.00000
19.45000 0.08935 0.08387
19.55000 0.08935 0.00000
19.65000 0.00000 0.00000
19.75000 0.00000 0.00000
19.85000 0.08935 0.00000
19.95000 0.00000 0.08387
20.05000 0.00000 0.00000
20.15000 0.08935 0.00000
20.25000 0.00000 0.00000
20.35000 0.08935 0.00000
20.45000 0.00000 0.00000
20.55000 0.00000 0.00000
20.65000 0.00000 0.00000
20.75000 0.00000 0.00000
20.85000 0.00000 0.16774
20.95000 0.08935 0.00000
21.05000 0.08935 0.08387
21.15000 0.08935 0.00000
21.25000 0.00000 0.00000
21.35000 0.00000 0.00000
21.45000 0.17869 0.08387
21.55000 0.08935 0.00000
21.65000 0.08935 0.16774
21.75000 0.00000 0.00000
21.85000 0.00000 0.08387
21.95000 0.08935 0.08387
22.05000 0.00000 0.00000
22.15000 0.08935 0.00000
22.25000 0.00000 0.00000
22.35000 0.00000 0.08387
22.45000 0.00000 0.00000
22.55000 0.00000 0.00000
22.65000 0.00000 0.00000
22.75000 0.00000 0.00000
22.85000 0.35739 0.00000
22.95000 0.17869 0.08387
23.05000 0.17869 0.33548
23.15000 0.44674 0.16774
23.25000 0.08935 0.00000
23.35000 0.08935 0.41935
23.45000 0.17869 0.16774
23.55000 0.00000 0.33548
23.65000 0.44674 0.25161
23.75000 0.08935 0.16774
23.85000 0.35739 0.25161
23.95000 0.53608 0.25161
24.05000 0.17869 0.25161
24.15000 0.26804 0.41935
24.25000 0.35739 0.25161
24.35000 0.53608 0.41935
24.45000 0.44674 0.33548
24.55000 0.89347 0.33548
24.65000 1.07216 0.33548
24.75000 0.80412 0.41935
24.85000 0.62543 0.16774
24.95000 0.44674 0.25161
25.05000 0.44674 0.58710
25.15000 0.53608 0.58710
25.25000 0.53608 1.09032
25.35000 0.53608 0.41935
25.45000 0.44674 0.58710
25.55000 0.44674 0.67097
25.65000 0.35739 0.50323
25.75000 0.80412 0.33548
25.85000 0.62543 0.50323
25.95000 0.62543 0.92258
26.05000 0.08935 0.50323
26.15000 0.53608 0.58710
26.25000 0.53608 0.41935
26.35000 0.44674 0.33548
26.45000 0.26804 0.41935
26.55000 0.44674 0.16774
26.65000 0.44674 0.08387
26.75000 0.53608 0.25161
26.85000 0.35739 0.25161
26.95000 0.17869 0.25161
27.05000 0.44674 0.16774
27.15000 0.26804 0.16774
27.25000 0.53608 0.41935
27.35000 0.00000 0.25161
27.45000 0.08935 0.25161
27.55000 0.44674 0.00000
27.65000 0.17869 0.41935
27.75000 0.35739 0.16774
27.85000 0.17869 0.16774
27.95000 0.08935 0.25161
28.05000 0.08935 0.08387
28.15000 0.08935 0.16774
28.25000 0.17869 0.16774
28.35000 0.26804 0.25161
28.45000 0.00000 0.25161
28.55000 0.08935 0.00000
28.65000 0.17869 0.08387
28.75000 0.17869 0.16774
28.85000 0.00000 0.08387
28.95000 0.08935 0.08387
29.05000 0.08935 0.00000
29.15000 0.17869 0.08387
29.25000 0.08935 0.00000
29.35000 0.08935 0.00000
29.45000 0.08935 0.08387
29.55000 0.00000 0.00000
29.65000 0.08935 0.00000
29.75000 0.08935 0.08387
29.85000 0.00000 0.08387
29.95000 0.08935 0.25161
30.05000 0.00000 0.00000
30.15000 0.08935 0.08387
30.25000 0.08935 0.08387
30.35000 0.08935 0.08387
30.45000 0.08935 0.16774
30.55000 0.00000 0.08387
30.65000 0.08935 0.08387
30.75000 0.00000 0.08387
30.85000 0.00000 0.16774
30.95000 0.08935 0.00000
31.05000 0.00000 0.08387
31.15000 0.00000 0.00000
31.25000 0.08935 0.00000
31.35000 0.08935 0.00000
31.45000 0.08935 0.00000
31.55000 0.00000 0.00000
31.65000 0.00000 0.00000
31.75000 0.00000 0.00000
31.85000 0.17869 0.00000
31.95000 0.08935 0.08387
32.05000 0.00000 0.08387
32.15000 0.00000 0.00000
32.25000 0.00000 0.00000
32.35000 0.00000 0.00000
32.45000 0.00000 0.00000
32.55000 0.00000 0.00000
32.65000 0.00000 0.08387
32.75000 0.00000 0.00000
32.85000 0.08935 0.00000
32.95000 0.00000 0.00000
33.05000 0.00000 0.16774
33.15000 0.00000 0.08387
33.25000 0.00000 0.00000
33.35000 0.00000 0.00000
33.45000 0.00000 0.00000
33.55000 0.00000 0.00000
33.65000 0.00000 0.00000
33.75000 0.08935 0.08387
33.85000 0.08935 0.00000
33.95000 0.00000 0.00000
34.05000 0.08935 0.00000
34.15000 0.00000 0.00000
34.25000 0.00000 0.33548
34.35000 0.08935 0.08387
34.45000 0.00000 0.08387
34.55000 0.08935 0.08387
34.65000 0.08935 0.00000
34.75000 0.08935 0.16774
34.85000 0.00000 0.00000
34.95000 0.17869 0.00000
35.05000 0.08935 0.08387
35.15000 0.08935 0.00000
35.25000 0.08935 0.00000
35.35000 0.08935 0.00000
35.45000 0.17869 0.16774
35.55000 0.17869 0.08387
35.65000 0.00000 0.08387
35.75000 0.17869 0.25161
35.85000 0.26804 0.16774
35.95000 0.00000 0.16774
36.05000 0.35739 0.16774
36.15000 0.26804 0.50323
36.25000 0.26804 0.00000
36.35000 0.44674 0.08387
36.45000 0.00000 0.58710
36.55000 0.26804 0.25161
36.65000 0.17869 0.33548
36.75000 0.26804 0.25161
36.85000 0.35739 0.92258
36.95000 0.98282 0.41935
37.05000 0.26804 0.50323
37.15000 0.89347 0.58710
37.25000 0.80412 0.50323
37.35000 0.53608 0.58710
37.45000 0.26804 0.75484
37.55000 0.44674 0.58710
37.65000 0.44674 0.75484
37.75000 0.26804 0.67097
37.85000 0.89347 0.33548
37.95000 1.07216 0.67097
38.05000 0.71478 0.16774
38.15000 0.35739 0.16774
38.25000 0.62543 0.25161
38.35000 0.44674 0.83871
38.45000 0.44674 0.25161
38.55000 0.80412 0.41935
38.65000 0.71478 0.50323
38.75000 0.53608 0.41935
38.85000 0.80412 0.33548
38.95000 0.26804 0.25161
39.05000 0.62543 0.41935
39.15000 0.35739 0.33548
39.25000 0.62543 0.50323
39.35000 0.17869 0.16774
39.45000 0.53608 0.33548
39.55000 0.17869 0.25161
39.65000 0.53608 0.33548
39.75000 0.08935 0.16774
39.85000 0.17869 0.67097
39.95000 0.26804 0.25161
40.05000 0.26804 0.33548
40.15000 0.17869 0.16774
40.25000 0.17869 0.41935
40.35000 0.00000 0.41935
40.45000 0.17869 0.25161
40.55000 0.08935 0.08387
40.65000 0.08935 0.08387
40.75000 0.08935 0.16774
40.85000 0.17869 0.08387
40.95000 0.00000 0.08387
41.05000 0.08935 0.08387
41.15000 0.17869 0.33548
41.25000 0.08935 0.00000
41.35000 0.08935 0.00000
41.45000 0.08935 0.33548
41.55000 0.08935 0.16774
41.65000 0.00000 0.00000
41.75000 0.17869 0.25161
41.85000 0.35739 0.08387
41.95000 0.08935 0.00000
42.05000 0.00000 0.08387
42.15000 0.17869 0.25161
42.25000 0.00000 0.00000
42.35000 0.00000 0.08387
42.45000 0.08935 0.00000
42.55000 0.17869 0.00000
42.65000 0.08935 0.00000
42.75000 0.08935 0.00000
42.85000 0.00000 0.00000
42.95000 0.00000 0.00000
43.05000 0.00000 0.16774
43.15000 0.00000 0.08387
43.25000 0.17869 0.08387
43.35000 0.00000 0.08387
43.45000 0.00000 0.00000
43.55000 0.08935 0.00000
43.65000 0.00000 0.08387
43.75000 0.08935 0.08387
43.85000 0.00000 0.00000
43.95000 0.00000 0.00000
44.05000 0.00000 0.00000
44.15000 0.08935 0.08387
44.25000 0.00000 0.00000
44.35000 0.00000 0.00000
44.45000 0.08935 0.08387
44.55000 0.00000 0.00000
44.65000 0.08935 0.00000
44.75000 0.08935 0.00000
44.85000 0.08935 0.00000
44.95000 0.00000 0.00000
45.05000 0.00000 0.00000
45.15000 0.00000 0.00000
45.25000 0.00000 0.00000
45.35000 0.00000 0.08387
45.45000 0.00000 0.00000
45.55000 0.00000 0.00000
45.65000 0.00000 0.00000
45.75000 0.17869 0.08387
45.85000 0.00000 0.00000
45.95000 0.17869 0.00000
46.05000 0.00000 0.00000
46.15000 0.17869 0.00000
46.25000 0.00000 0.08387
46.35000 0.08935 0.00000
46.45000 0.00000 0.08387
46.55000 0.00000 0.08387
46.65000 0.08935 0.00000
46.75000 0.08935 0.08387
46.85000 0.08935 0.00000
46.95000 0.00000 0.00000
47.05000 0.00000 0.00000
47.15000 0.00000 0.00000
47.25000 0.08935 0.08387
47.35000 0.00000 0.16774
47.45000 0.00000 0.08387
47.55000 0.00000 0.00000
47.65000 0.26804 0.16774
47.75000 0.17869 0.33548
47.85000 0.08935 0.08387
47.95000 0.17869 0.00000
48.05000 0.17869 0.08387
48.15000 0.00000 0.33548
48.25000 0.26804 0.33548
48.35000 0.17869 0.16774
48.45000 0.00000 0.00000
48.55000 0.44674 0.25161
48.65000 0.26804 0.50323
48.75000 0.53608 0.25161
48.85000 0.17869 0.41935
48.95000 0.44674 0.33548
49.05000 0.44674 0.16774
49.15000 0.53608 0.33548
49.25000 0.44674 0.75484
49.35000 0.53608 0.08387
49.45000 0.35739 0.58710
49.55000 0.44674 0.41935
49.65000 0.44674 0.67097
49.75000 0.35739 1.09032
49.85000 0.98282 0.67097
49.95000 0.80412 0.75484
50.05000 0.53608 0.92258
50.15000 0.71478 0.75484
50.25000 0.89347 0.41935
50.35000 0.62543 0.75484
50.45000 0.53608 0.16774
50.55000 0.62543 0.58710
50.65000 0.44674 0.75484
50.75000 0.53608 0.25161
50.85000 0.44674 0.50323
50.95000 0.44674 0.41935
51.05000 0.35739 0.33548
51.15000 0.98282 0.50323
51.25000 0.44674 0.83871
51.35000 0.35739 1.17419
51.45000 0.44674 0.41935
51.55000 0.53608 0.16774
51.65000 0.44674 0.41935
51.75000 0.08935 0.41935
51.85000 0.44674 0.41935
51.95000 0.17869 0.50323
52.05000 0.26804 0.25161
52.15000 0.17869 0.50323
52.25000 0.35739 0.16774
52.35000 0.08935 0.33548
52.45000 0.17869 0.33548
52.55000 0.00000 0.25161
52.65000 0.26804 0.50323
52.75000 0.26804 0.08387
52.85000 0.17869 0.25161
52.95000 0.17869 0.50323
53.05000 0.08935 0.00000
53.15000 0.08935 0.16774
53.25000 0.17869 0.33548
53.35000 0.17869 0.25161
53.45000 0.08935 0.25161
53.55000 0.00000 0.08387
53.65000 0.08935 0.08387
53.75000 0.00000 0.16774
53.85000 0.17869 0.00000
53.95000 0.08935 0.08387
54.05000 0.08935 0.16774
54.15000 0.17869 0.08387
54.25000 0.08935 0.25161
54.35000 0.17869 0.25161
54.45000 0.00000 0.00000
54.55000 0.08935 0.08387
54.65000 0.17869 0.16774
54.75000 0.08935 0.08387
54.85000 0.17869 0.00000
54.95000 0.00000 0.00000
55.05000 0.00000 0.16774
55.15000 0.08935 0.08387
55.25000 0.00000 0.08387
55.35000 0.00000 0.08387
55.45000 0.17869 0.08387
55.55000 0.00000 0.00000
55.65000 0.00000 0.16774
55.75000 0.00000 0.08387
55.85000 0.00000 0.00000
55.95000 0.08935 0.00000
56.05000 0.00000 0.00000
56.15000 0.08935 0.00000
56.25000 0.17869 0.08387
56.35000 0.00000 0.00000
56.45000 0.08935 0.00000
56.55000 0.00000 0.00000
56.65000 0.00000 0.00000
56.75000 0.00000 0.08387
56.85000 0.00000 0.08387
56.95000 0.08935 0.00000
57.05000 0.00000 0.00000
57.15000 0.00000 0.00000
57.25000 0.00000 0.00000
57.35000 0.00000 0.00000
57.45000 0.08935 0.00000
57.55000 0.00000 0.00000
57.65000 0.00000 0.00000
57.75000 0.00000 0.00000
57.85000 0.00000 0.08387
57.95000 0.00000 0.00000
58.05000 0.00000 0.00000
58.15000 0.00000 0.00000
58.25000 0.00000 0.00000
58.35000 0.00000 0.00000
58.45000 0.08935 0.00000
58.55000 0.00000 0.08387
58.65000 0.00000 0.08387
58.75000 0.00000 0.00000
58.85000 0.00000 0.00000
58.95000 0.00000 0.00000
59.05000 0.08935 0.00000
59.15000 0.00000 0.00000
59.25000 0.26804 0.00000
59.35000 0.00000 0.16774
59.45000 0.08935 0.08387
59.55000 0.17869 0.00000
59.65000 0.00000 0.08387
59.75000 0.00000 0.25161
59.85000 0.08935 0.08387
59.95000 0.08935 0.00000
60.05000 0.00000 0.00000
60.15000 0.00000 0.08387
60.25000 0.08935 0.00000
60.35000 0.17869 0.08387
60.45000 0.00000 0.25161
60.55000 0.00000 0.00000
60.65000 0.08935 0.00000
60.75000 0.26804 0.16774
60.85000 0.08935 0.16774
60.95000 0.08935 0.08387
61.05000 0.26804 0.16774
61.15000 0.35739 0.08387
61.25000 0.17869 0.16774
61.35000 0.17869 0.25161
61.45000 0.53608 0.25161
61.55000 0.53608 0.25161
61.65000 0.44674 0.16774
61.75000 0.62543 0.16774
61.85000 0.44674 0.75484
61.95000 0.71478 0.50323
62.05000 0.80412 0.50323
62.15000 0.71478 0.41935
62.25000 0.80412 0.83871
62.35000 0.35739 0.41935
62.45000 0.80412 0.67097
62.55000 0.53608 0.33548
62.65000 0.62543 0.41935
62.75000 0.53608 0.92258
62.85000 0.62543 0.50323
62.95000 0.89347 0.67097
63.05000 0.53608 0.16774
63.15000 0.89347 0.33548
63.25000 0.62543 0.75484
63.35000 0.35739 0.33548
63.45000 0.35739 0.75484
63.55000 0.80412 0.67097
63.65000 0.35739 0.41935
63.75000 0.08935 0.33548
63.85000 0.35739 0.50323
63.95000 0.35739 0.75484
64.05000 0.44674 0.67097
64.15000 0.17869 0.25161
64.25000 0.44674 0.50323
64.35000 0.17869 0.50323
64.45000 0.44674 0.41935
64.55000 0.08935 0.00000
64.65000 0.26804 0.33548
64.75000 0.17869 0.58710
64.85000 0.44674 0.08387
64.95000 0.35739 0.41935
65.05000 0.08935 0.08387
65.15000 0.17869 0.08387
65.25000 0.35739 0.33548
65.35000 0.26804 0.00000
65.45000 0.44674 0.08387
65.55000 0.17869 0.33548
65.65000 0.17869 0.00000
65.75000 0.26804 0.16774
65.85000 0.26804 0.00000
65.95000 0.26804 0.25161
66.05000 0.26804 0.08387
66.15000 0.53608 0.00000
66.25000 0.08935 0.25161
66.35000 0.00000 0.25161
66.45000 0.08935 0.00000
66.55000 0.17869 0.33548
66.65000 0.08935 0.16774
66.75000 0.00000 0.00000
66.85000 0.00000 0.00000
66.95000 0.17869 0.16774
67.05000 0.00000 0.16774
67.15000 0.00000 0.16774
67.25000 0.08935 0.16774
67.35000 0.08935 0.16774
67.45000 0.00000 0.08387
67.55000 0.17869 0.16774
67.65000 0.17869 0.08387
67.75000 0.08935 0.08387
67.85000 0.08935 0.16774
67.95000 0.26804 0.16774
68.05000 0.08935 0.08387
68.15000 0.00000 0.00000
68.25000 0.08935 0.00000
68.35000 0.00000 0.00000
68.45000 0.00000 0.00000
68.55000 0.08935 0.08387
68.65000 0.08935 0.00000
68.75000 0.00000 0.16774
68.85000 0.08935 0.00000
68.95000 0.08935 0.00000
69.05000 0.08935 0.00000
69.15000 0.08935 0.00000
69.25000 0.00000 0.00000
69.35000 0.08935 0.00000
69.45000 0.00000 0.00000
69.55000 0.00000 0.00000
69.65000 0.00000 0.00000
69.75000 0.00000 0.00000
69.85000 0.08935 0.08387
69.95000 0.00000 0.00000
70.05000 0.00000 0.08387
70.15000 0.00000 0.00000
70.25000 0.00000 0.08387
70.35000 0.00000 0.00000
70.45000 0.08935 0.08387
70.55000 0.00000 0.00000
70.65000 0.00000 0.00000
70.75000 0.08935 0.16774
70.85000 0.00000 0.08387
70.95000 0.00000 0.00000
71.05000 0.00000 0.08387
71.15000 0.08935 0.00000
71.25000 0.00000 0.00000
71.35000 0.00000 0.00000
71.45000 0.08935 0.00000
71.55000 0.08935 0.08387
71.65000 0.08935 0.00000
71.75000 0.08935 0.08387
71.85000 0.00000 0.00000
71.95000 0.00000 0.08387
72.05000 0.08935 0.08387
72.15000 0.00000 0.16774
72.25000 0.08935 0.00000
72.35000 0.26804 0.00000
72.45000 0.00000 0.08387
72.55000 0.08935 0.00000
72.65000 0.17869 0.00000
72.75000 0.17869 0.08387
72.85000 0.00000 0.00000
72.95000 0.08935 0.08387
73.05000 0.26804 0.33548
73.15000 0.26804 0.00000
73.25000 0.08935 0.08387
73.35000 0.17869 0.33548
73.45000 0.17869 0.08387
73.55000 0.26804 0.00000
73.65000 0.26804 0.33548
73.75000 0.08935 0.25161
73.85000 0.08935 0.16774
73.95000 0.35739 0.08387
74.05000 0.17869 0.41935
74.15000 0.44674 0.50323
74.25000 0.62543 0.58710
74.35000 0.44674 0.33548
74.45000 0.17869 0.41935
74.55000 0.71478 0.50323
74.65000 0.62543 0.33548
74.75000 0.53608 0.50323
74.85000 0.71478 0.58710
74.95000 0.62543 0.83871
75.05000 0.35739 0.33548
75.15000 0.71478 0.50323
75.25000 0.62543 0.83871
75.35000 0.80412 0.33548
75.45000 0.35739 0.50323
75.55000 0.17869 1.00645
75.65000 0.80412 0.41935
75.75000 0.80412 0.67097
75.85000 0.53608 0.50323
75.95000 0.17869 0.67097
76.05000 0.62543 0.33548
76.15000 0.62543 0.58710
76.25000 0.35739 0.50323
76.35000 0.80412 0.50323
76.45000 0.17869 0.25161
76.55000 0.17869 0.50323
76.65000 0.44674 0.50323
76.75000 0.17869 0.33548
76.85000 0.35739 0.33548
76.95000 0.08935 0.33548
77.05000 0.17869 0.25161
77.15000 0.17869 0.50323
77.25000 0.26804 0.16774
77.35000 0.17869 0.41935
77.45000 0.44674 0.08387
77.55000 0.17869 0.00000
77.65000 0.26804 0.41935
77.75000 0.17869 0.16774
77.85000 0.62543 0.25161
77.95000 0.00000 0.33548
78.05000 0.08935 0.25161
78.15000 0.35739 0.16774
78.25000 0.35739 0.33548
78.35000 0.00000 0.16774
78.45000 0.08935 0.00000
78.55000 0.08935 0.16774
78.65000 0.08935 0.00000
78.75000 0.08935 0.25161
78.85000 0.26804 0.50323
78.95000 0.08935 0.08387
79.05000 0.08935 0.16774
79.15000 0.08935 0.08387
79.25000 0.17869 0.16774
79.35000 0.17869 0.16774
79.45000 0.17869 0.08387
79.55000 0.00000 0.00000
79.65000 0.17869 0.08387
79.75000 0.00000 0.08387
79.85000 0.08935 0.00000
79.95000 0.17869 0.00000
80.05000 0.17869 0.00000
80.15000 0.00000 0.08387
80.25000 0.08935 0.00000
80.35000 0.08935 0.08387
80.45000 0.00000 0.00000
80.55000 0.00000 0.08387
80.65000 0.00000 0.08387
80.75000 0.00000 0.08387
80.85000 0.17869 0.08387
80.95000 0.00000 0.00000
81.05000 0.08935 0.00000
81.15000 0.00000 0.08387
81.25000 0.00000 0.16774
81.35000 0.00000 0.08387
81.45000 0.08935 0.00000
81.55000 0.08935 0.00000
81.65000 0.00000 0.00000
81.75000 0.00000 0.16774
81.85000 0.08935 0.08387
81.95000 0.00000 0.00000
82.05000 0.08935 0.00000
82.15000 0.00000 0.08387
82.25000 0.00000 0.00000
82.35000 0.00000 0.08387
82.45000 0.00000 0.00000
82.55000 0.00000 0.08387
82.65000 0.00000 0.00000
82.75000 0.08935 0.08387
82.85000 0.00000 0.00000
82.95000 0.08935 0.16774
83.05000 0.08935 0.00000
83.15000 0.00000 0.08387
83.25000 0.08935 0.00000
83.35000 0.00000 0.00000
83.45000 0.00000 0.08387
83.55000 0.00000 0.25161
83.65000 0.00000 0.16774
83.75000 0.00000 0.00000
83.85000 0.08935 0.00000
83.95000 0.00000 0.00000
84.05000 0.00000 0.08387
84.15000 0.00000 0.00000
84.25000 0.00000 0.00000
84.35000 0.00000 0.25161
84.45000 0.17869 0.00000
84.55000 0.00000 0.08387
84.65000 0.00000 0.08387
84.75000 0.00000 0.16774
84.85000 0.17869 0.16774
84.95000 0.08935 0.25161
85.05000 0.17869 0.00000
85.15000 0.08935 0.08387
85.25000 0.08935 0.25161
85.35000 0.35739 0.08387
85.45000 0.17869 0.08387
85.55000 0.00000 0.16774
85.65000 0.00000 0.00000
85.75000 0.00000 0.00000
85.85000 0.00000 0.08387
85.95000 0.35739 0.16774
86.05000 0.26804 0.08387
86.15000 0.26804 0.16774
86.25000 0.44674 0.41935
86.35000 0.00000 0.08387
86.45000 0.17869 0.41935
86.55000 0.26804 0.25161
86.65000 0.26804 0.50323
86.75000 0.08935 0.75484
86.85000 0.17869 0.16774
86.95000 0.89347 0.75484
87.05000 0.17869 0.41935
87.15000 0.44674 0.41935
87.25000 0.26804 0.83871
87.35000 0.62543 0.50323
87.45000 0.35739 0.16774
87.55000 0.71478 0.83871
87.65000 0.71478 1.09032
87.75000 0.80412 0.83871
87.85000 0.80412 0.33548
87.95000 0.71478 0.25161
88.05000 0.44674 0.33548
88.15000 0.89347 0.92258
88.25000 0.53608 0.58710
88.35000 0.71478 0.50323
88.45000 0.35739 0.75484
88.55000 0.53608 0.58710
88.65000 0.71478 0.58710
88.75000 0.71478 0.50323
88.85000 0.44674 0.41935
88.95000 0.35739 0.58710
89.05000 0.44674 0.58710
89.15000 0.53608 0.33548
89.25000 0.17869 0.33548
89.35000 0.44674 0.33548
89.45000 0.00000 0.41935
89.55000 0.35739 0.33548
89.65000 0.35739 0.16774
89.75000 0.08935 0.16774
89.85000 0.35739 0.25161
89.95000 0.17869 0.16774
90.05000 0.08935 0.16774
90.15000 0.26804 0.00000
90.25000 0.08935 0.25161
90.35000 0.08935 0.33548
90.45000 0.00000 0.16774
90.55000 0.53608 0.08387
90.65000 0.17869 0.08387
90.75000 0.26804 0.25161
90.85000 0.17869 0.08387
90.95000 0.08935 0.16774
91.05000 0.08935 0.08387
91.15000 0.08935 0.25161
91.25000 0.17869 0.08387
91.35000 0.17869 0.00000
91.45000 0.08935 0.25161
91.55000 0.00000 0.16774
91.65000 0.00000 0.16774
91.75000 0.26804 0.16774
91.85000 0.08935 0.08387
91.95000 0.26804 0.16774
92.05000 0.00000 0.08387
92.15000 0.00000 0.00000
92.25000 0.00000 0.16774
92.35000 0.08935 0.00000
92.45000 0.08935 0.08387
92.55000 0.08935 0.08387
92.65000 0.26804 0.16774
92.75000 0.00000 0.08387
92.85000 0.08935 0.16774
92.95000 0.17869 0.00000
93.05000 0.00000 0.08387
93.15000 0.08935 0.08387
93.25000 0.00000 0.00000
93.35000 0.08935 0.25161
93.45000 0.00000 0.08387
93.55000 0.08935 0.08387
93.65000 0.08935 0.00000
93.75000 0.08935 0.08387
93.85000 0.00000 0.00000
93.95000 0.00000 0.00000
94.05000 0.00000 0.00000
94.15000 0.08935 0.08387
94.25000 0.08935 0.08387
94.35000 0.00000 0.00000
94.45000 0.08935 0.08387
94.55000 0.00000 0.00000
94.65000 0.00000 0.00000
94.75000 0.00000 0.00000
94.85000 0.00000 0.00000
94.95000 0.00000 0.08387
95.05000 0.00000 0.08387
95.15000 0.00000 0.00000
95.25000 0.00000 0.00000
95.35000 0.08935 0.16774
95.45000 0.00000 0.00000
95.55000 0.17869 0.16774
95.65000 0.00000 0.08387
95.75000 0.00000 0.00000
95.85000 0.08935 0.08387
95.95000 0.08935 0.08387
96.05000 0.00000 0.00000
96.15000 0.00000 0.08387
96.25000 0.00000 0.08387
96.35000 0.08935 0.00000
96.45000 0.00000 0.00000
96.55000 0.08935 0.08387
96.65000 0.00000 0.08387
96.75000 0.00000 0.08387
96.85000 0.00000 0.16774
96.95000 0.00000 0.00000
97.05000 0.00000 0.00000
97.15000 0.17869 0.25161
97.25000 0.00000 0.08387
97.35000 0.17869 0.00000
97.45000 0.08935 0.00000
97.55000 0.17869 0.08387
97.65000 0.08935 0.00000
97.75000 0.08935 0.08387
97.85000 0.08935 0.16774
97.95000 0.08935 0.16774
98.05000 0.17869 0.00000
98.15000 0.26804 0.08387
98.25000 0.17869 0.08387
98.35000 0.00000 0.00000
98.45000 0.08935 0.16774
98.55000 0.08935 0.50323
98.65000 0.35739 0.25161
98.75000 0.35739 0.25161
98.85000 0.35739 0.33548
98.95000 0.26804 0.08387
99.05000 0.71478 0.25161
99.15000 0.17869 0.58710
99.25000 0.35739 0.16774
99.35000 0.44674 0.25161
99.45000 0.35739 0.67097
99.55000 0.53608 0.41935
99.65000 0.62543 0.33548
99.75000 0.53608 0.83871
99.85000 0.80412 0.50323
99.95000 0.44674 0.75484
100.05000 0.44674 0.41935
100.15000 0.71478 0.92258
100.25000 0.80412 0.67097
100.35000 0.53608 0.50323
100.45000 0.80412 0.33548
100.55000 0.35739 0.58710
100.65000 0.35739 0.75484
100.75000 0.44674 0.75484
100.85000 0.53608 0.83871
100.95000 0.62543 0.67097
101.05000 0.35739 0.58710
101.15000 0.89347 0.50323
101.25000 0.53608 0.75484
101.35000 0.35739 0.67097
101.45000 0.35739 0.25161
101.55000 0.44674 0.50323
101.65000 0.26804 0.33548
101.75000 0.35739 0.58710
101.85000 0.17869 0.41935
101.95000 0.17869 0.25161
102.05000 0.35739 0.25161
102.15000 0.26804 0.08387
102.25000 0.53608 0.25161
102.35000 0.35739 0.25161
102.45000 0.17869 0.25161
102.55000 0.44674 0.25161
102.65000 0.44674 0.58710
102.75000 0.00000 0.00000
102.85000 0.08935 0.33548
102.95000 0.08935 0.25161
103.05000 0.44674 0.16774
103.15000 0.08935 0.00000
103.25000 0.17869 0.00000
103.35000 0.44674 0.08387
103.45000 0.26804 0.00000
103.55000 0.17869 0.25161
103.65000 0.08935 0.16774
103.75000 0.08935 0.08387
103.85000 0.00000 0.08387
103.95000 0.08935 0.25161
104.05000 0.08935 0.41935
104.15000 0.08935 0.16774
104.25000 0.00000 0.25161
104.35000 0.00000 0.00000
104.45000 0.35739 0.00000
104.55000 0.08935 0.08387
104.65000 0.08935 0.08387
104.75000 0.17869 0.08387
104.85000 0.00000 0.08387
104.95000 0.08935 0.08387
105.05000 0.08935 0.00000
105.15000 0.08935 0.16774
105.25000 0.26804 0.16774
105.35000 0.00000 0.08387
105.45000 0.00000 0.08387
105.55000 0.08935 0.08387
105.65000 0.08935 0.08387
105.75000 0.08935 0.00000
105.85000 0.00000 0.08387
105.95000 0.00000 0.00000
106.05000 0.00000 0.08387
106.15000 0.00000 0.00000
106.25000 0.00000 0.00000
106.35000 0.00000 0.00000
106.45000 0.08935 0.08387
106.55000 0.00000 0.00000
106.65000 0.00000 0.00000
106.75000 0.08935 0.08387
106.85000 0.00000 0.00000
106.95000 0.00000 0.08387
107.05000 0.00000 0.08387
107.15000 0.08935 0.00000
107.25000 0.08935 0.00000
107.35000 0.00000 0.00000
107.45000 0.08935 0.16774
107.55000 0.00000 0.00000
107.65000 0.00000 0.00000
107.75000 0.00000 0.00000
107.85000 0.00000 0.08387
107.95000 0.00000 0.00000
108.05000 0.08935 0.00000
108.15000 0.08935 0.25161
108.25000 0.00000 0.00000
108.35000 0.17869 0.00000
108.45000 0.00000 0.00000
108.55000 0.00000 0.08387
108.65000 0.00000 0.08387
108.75000 0.00000 0.08387
108.85000 0.08935 0.08387
108.95000 0.08935 0.16774
109.05000 0.00000 0.16774
109.15000 0.00000 0.08387
109.25000 0.08935 0.00000
109.35000 0.08935 0.00000
109.45000 0.08935 0.00000
109.55000 0.08935 0.00000
109.65000 0.00000 0.08387
109.75000 0.00000 0.00000
109.85000 0.00000 0.00000
109.95000 0.08935 0.00000
110.05000 0.08935 0.00000
110.15000 0.08935 0.00000
110.25000 0.08935 0.00000
110.35000 0.08935 0.08387
110.45000 0.08935 0.08387
110.55000 0.00000 0.00000
110.65000 0.17869 0.16774
110.75000 0.17869 0.16774
110.85000 0.26804 0.00000
110.95000 0.08935 0.25161
111.05000 0.26804 0.33548
111.15000 0.35739 0.25161
111.25000 0.26804 0.25161
111.35000 0.35739 0.16774
111.45000 0.17869 0.25161
111.55000 0.00000 0.41935
111.65000 0.26804 0.67097
111.75000 0.80412 0.67097
111.85000 0.17869 0.50323
111.95000 0.35739 0.50323
112.05000 0.26804 1.00645
112.15000 0.35739 0.67097
112.25000 0.80412 0.33548
112.35000 0.98282 0.83871
112.45000 0.35739 0.58710
112.55000 0.71478 0.58710
112.65000 0.80412 1.00645
112.75000 0.62543 0.58710
112.85000 0.80412 1.00645
112.95000 0.80412 0.33548
113.05000 0.71478 0.50323
113.15000 0.35739 0.50323
113.25000 0.89347 0.67097
113.35000 0.44674 0.67097
113.45000 0.35739 0.41935
113.55000 0.53608 0.33548
113.65000 0.35739 0.41935
113.75000 0.62543 0.33548
113.85000 0.35739 0.25161
113.95000 0.44674 0.41935
114.05000 0.44674 0.16774
114.15000 0.53608 0.16774
114.25000 0.35739 0.41935
114.35000 0.44674 0.25161
114.45000 0.26804 0.41935
114.55000 0.53608 0.33548
114.65000 0.17869 0.33548
114.75000 0.08935 0.16774
114.85000 0.17869 0.25161
114.95000 0.53608 0.41935
115.05000 0.26804 0.08387
115.15000 0.26804 0.16774
115.25000 0.17869 0.33548
115.35000 0.26804 0.16774
115.45000 0.26804 0.25161
115.55000 0.08935 0.08387
115.65000 0.17869 0.33548
115.75000 0.08935 0.00000
115.85000 0.08935 0.08387
115.95000 0.08935 0.25161
116.05000 0.26804 0.16774
116.15000 0.17869 0.16774
116.25000 0.00000 0.08387
116.35000 0.00000 0.08387
116.45000 0.17869 0.16774
116.55000 0.08935 0.16774
116.65000 0.17869 0.08387
116.75000 0.17869 0.08387
116.85000 0.17869 0.08387
116.95000 0.17869 0.00000
117.05000 0.17869 0.16774
117.15000 0.08935 0.25161
117.25000 0.17869 0.16774
117.35000 0.17869 0.00000
117.45000 0.17869 0.00000
117.55000 0.08935 0.08387
117.65000 0.00000 0.00000
117.75000 0.00000 0.16774
117.85000 0.00000 0.00000
117.95000 0.08935 0.08387
118.05000 0.08935 0.08387
118.15000 0.26804 0.25161
118.25000 0.00000 0.00000
118.35000 0.08935 0.08387
118.45000 0.17869 0.00000
118.55000 0.08935 0.08387
118.65000 0.00000 0.00000
118.75000 0.08935 0.00000
118.85000 0.00000 0.00000
118.95000 0.17869 0.00000
119.05000 0.00000 0.08387
119.15000 0.08935 0.00000
119.25000 0.00000 0.08387
119.35000 0.00000 0.00000
119.45000 0.08935 0.00000
119.55000 0.08935 0.08387
119.65000 0.00000 0.00000
119.75000 0.00000 0.00000
119.85000 0.00000 0.00000
119.95000 0.00000 0.00000
120.05000 0.08935 0.00000
120.15000 0.00000 0.08387
120.25000 0.00000 0.00000
120.35000 0.00000 0.00000
120.45000 0.00000 0.00000
120.55000 0.00000 0.00000
120.65000 0.08935 0.16774
120.75000 0.00000 0.08387
120.85000 0.00000 0.00000
120.95000 0.00000 0.00000
121.05000 0.00000 0.00000
121.15000 0.00000 0.00000
121.25000 0.00000 0.00000
121.35000 0.00000 0.08387
121.45000 0.00000 0.08387
121.55000 0.00000 0.00000
121.65000 0.08935 0.00000
121.75000 0.00000 0.00000
121.85000 0.08935 0.08387
121.95000 0.00000 0.00000
122.05000 0.17869 0.00000
122.15000 0.00000 0.00000
122.25000 0.00000 0.08387
122.35000 0.08935 0.33548
122.45000 0.17869 0.00000
122.55000 0.00000 0.16774
122.65000 0.08935 0.08387
122.75000 0.08935 0.08387
122.85000 0.17869 0.00000
122.95000 0.08935 0.00000
123.05000 0.26804 0.16774
123.15000 0.35739 0.16774
123.25000 0.08935 0.16774
123.35000 0.17869 0.08387
123.45000 0.00000 0.08387
123.55000 0.08935 0.41935
123.65000 0.08935 0.16774
123.75000 0.35739 0.16774
123.85000 0.35739 0.25161
123.95000 0.35739 0.16774
124.05000 0.53608 0.41935
124.15000 0.17869 0.33548
124.25000 0.17869 0.67097
124.35000 0.71478 0.16774
124.45000 0.62543 0.33548
124.55000 0.98282 0.50323
124.65000 0.17869 0.58710
124.75000 0.80412 0.83871
124.85000 0.44674 0.50323
124.95000 0.71478 0.50323
125.05000 0.89347 0.41935
125.15000 0.71478 0.67097
125.25000 0.44674 0.41935
125.35000 0.53608 0.67097
125.45000 0.44674 0.41935
125.55000 1.07216 0.58710
125.65000 0.62543 0.33548
125.75000 0.71478 0.67097
125.85000 0.89347 0.50323
125.95000 0.44674 0.25161
126.05000 0.53608 0.83871
126.15000 0.35739 0.50323
126.25000 0.26804 0.50323
126.35000 0.35739 0.25161
126.45000 0.44674 0.92258
126.55000 0.53608 0.58710
126.65000 0.17869 0.25161
126.75000 0.35739 0.33548
126.85000 0.35739 0.33548
126.95000 0.17869 0.25161
127.05000 0.26804 0.08387
127.15000 0.17869 0.50323
127.25000 0.44674 0.58710
127.35000 0.17869 0.08387
127.45000 0.26804 0.08387
127.55000 0.08935 0.58710
127.65000 0.17869 0.50323
127.75000 0.26804 0.08387
127.85000 0.17869 0.33548
127.95000 0.26804 0.25161
128.05000 0.26804 0.08387
128.15000 0.17869 0.25161
128.25000 0.17869 0.08387
128.35000 0.08935 0.16774
128.45000 0.00000 0.33548
128.55000 0.17869 0.16774
128.65000 0.26804 0.00000
128.75000 0.00000 0.16774
128.85000 0.00000 0.41935
128.95000 0.08935 0.08387
129.05000 0.17869 0.00000
129.15000 0.00000 0.25161
129.25000 0.17869 0.16774
129.35000 0.08935 0.08387
129.45000 0.08935 0.25161
129.55000 0.00000 0.08387
129.65000 0.17869 0.00000
129.75000 0.00000 0.00000
129.85000 0.26804 0.16774
129.95000 0.08935 0.16774
130.05000 0.17869 0.08387
130.15000 0.08935 0.08387
130.25000 0.08935 0.00000
130.35000 0.08935 0.08387
130.45000 0.00000 0.08387
130.55000 0.08935 0.08387
130.65000 0.00000 0.00000
130.75000 0.00000 0.00000
130.85000 0.00000 0.08387
130.95000 0.08935 0.00000
131.05000 0.00000 0.08387
131.15000 0.08935 0.00000
131.25000 0.08935 0.00000
131.35000 0.08935 0.00000
131.45000 0.08935 0.00000
131.55000 0.00000 0.00000
131.65000 0.08935 0.00000
131.75000 0.08935 0.00000
131.85000 0.00000 0.00000
131.95000 0.00000 0.08387
132.05000 0.17869 0.08387
132.15000 0.08935 0.00000
132.25000 0.00000 0.00000
132.35000 0.00000 0.00000
132.45000 0.08935 0.16774
132.55000 0.00000 0.00000
132.65000 0.00000 0.00000
132.75000 0.00000 0.00000
132.85000 0.08935 0.00000
132.95000 0.00000 0.00000
133.05000 0.00000 0.00000
133.15000 0.00000 0.16774
133.25000 0.17869 0.08387
133.35000 0.00000 0.00000
133.45000 0.00000 0.00000
133.55000 0.00000 0.08387
133.65000 0.08935 0.08387
133.75000 0.00000 0.08387
133.85000 0.08935 0.08387
133.95000 0.00000 0.00000
134.05000 0.00000 0.00000
134.15000 0.17869 0.08387
134.25000 0.08935 0.08387
134.35000 0.00000 0.16774
134.45000 0.00000 0.08387
134.55000 0.00000 0.00000
134.65000 0.08935 0.08387
134.75000 0.17869 0.08387
134.85000 0.08935 0.00000
134.95000 0.00000 0.00000
135.05000 0.00000 0.00000
135.15000 0.08935 0.08387
135.25000 0.08935 0.33548
135.35000 0.08935 0.00000
135.45000 0.00000 0.00000
135.55000 0.08935 0.08387
135.65000 0.00000 0.08387
135.75000 0.17869 0.41935
135.85000 0.26804 0.16774
135.95000 0.26804 0.25161
136.05000 0.26804 0.25161
136.15000 0.17869 0.33548
136.25000 0.35739 0.08387
136.35000 0.08935 0.58710
136.45000 0.26804 0.25161
136.55000 0.35739 0.41935
136.65000 0.35739 0.08387
136.75000 0.62543 0.33548
136.85000 0.35739 0.50323
136.95000 0.44674 0.41935
137.05000 0.71478 0.50323
137.15000 0.53608 0.50323
137.25000 0.62543 0.50323
137.35000 0.44674 0.41935
137.45000 0.35739 0.33548
137.55000 0.62543 0.67097
137.65000 1.07216 0.58710
137.75000 0.26804 0.75484
137.85000 0.62543 0.92258
137.95000 0.53608 0.83871
138.05000 0.80412 0.16774
138.15000 0.26804 0.83871
138.25000 0.80412 0.75484
138.35000 0.26804 0.50323
138.45000 0.26804 0.50323
138.55000 0.62543 0.67097
138.65000 0.71478 0.41935
138.75000 0.44674 0.33548
138.85000 0.44674 0.75484
138.95000 0.35739 0.25161
139.05000 0.44674 0.67097
139.15000 0.35739 0.58710
139.25000 0.08935 0.50323
139.35000 0.53608 0.50323
139.45000 0.44674 0.08387
139.55000 0.26804 0.16774
139.65000 0.35739 0.00000
139.75000 0.08935 0.25161
139.85000 0.08935 0.16774
139.95000 0.17869 0.67097
140.05000 0.00000 0.00000
140.15000 0.17869 0.08387
140.25000 0.08935 0.33548
140.35000 0.00000 0.00000
140.45000 0.08935 0.08387
140.55000 0.44674 0.41935
140.65000 0.17869 0.16774
140.75000 0.00000 0.16774
140.85000 0.17869 0.33548
140.95000 0.17869 0.08387
141.05000 0.08935 0.41935
141.15000 0.17869 0.33548
141.25000 0.08935 0.25161
141.35000 0.08935 0.16774
141.45000 0.17869 0.00000
141.55000 0.17869 0.00000
141.65000 0.17869 0.25161
141.75000 0.17869 0.08387
141.85000 0.00000 0.00000
141.95000 0.17869 0.08387
142.05000 0.26804 0.00000
142.15000 0.08935 0.08387
142.25000 0.08935 0.25161
142.35000 0.08935 0.00000
142.45000 0.08935 0.00000
142.55000 0.26804 0.00000
142.65000 0.08935 0.00000
142.75000 0.00000 0.00000
142.85000 0.08935 0.00000
142.95000 0.00000 0.08387
143.05000 0.17869 0.00000
143.15000 0.08935 0.16774
143.25000 0.17869 0.08387
143.35000 0.00000 0.08387
143.45000 0.08935 0.00000
143.55000 0.08935 0.08387
143.65000 0.00000 0.00000
143.75000 0.00000 0.08387
143.85000 0.08935 0.00000
143.95000 0.00000 0.08387
144.05000 0.08935 0.00000
144.15000 0.00000 0.00000
144.25000 0.00000 0.00000
144.35000 0.00000 0.00000
144.45000 0.00000 0.00000
144.55000 0.00000 0.00000
144.65000 0.00000 0.00000
144.75000 0.00000 0.00000
144.85000 0.00000 0.00000
144.95000 0.00000 0.00000
145.05000 0.00000 0.00000
145.15000 0.08935 0.00000
145.25000 0.00000 0.00000
145.35000 0.00000 0.00000
145.45000 0.00000 0.00000
145.55000 0.00000 0.08387
145.65000 0.00000 0.00000
145.75000 0.00000 0.08387
145.85000 0.00000 0.00000
145.95000 0.00000 0.00000
146.05000 0.00000 0.08387
146.15000 0.17869 0.08387
146.25000 0.00000 0.08387
146.35000 0.00000 0.00000
146.45000 0.00000 0.00000
146.55000 0.08935 0.00000
146.65000 0.00000 0.16774
146.75000 0.00000 0.08387
146.85000 0.00000 0.00000
146.95000 0.17869 0.08387
147.05000 0.00000 0.00000
147.15000 0.26804 0.08387
147.25000 0.00000 0.08387
147.35000 0.26804 0.08387
147.45000 0.08935 0.00000
147.55000 0.08935 0.33548
147.65000 0.17869 0.00000
147.75000 0.00000 0.00000
147.85000 0.08935 0.16774
147.95000 0.17869 0.08387
148.05000 0.00000 0.00000
148.15000 0.08935 0.25161
148.25000 0.35739 0.25161
148.35000 0.17869 0.16774
148.45000 0.17869 0.00000
148.55000 0.00000 0.08387
148.65000 0.17869 0.25161
148.75000 0.00000 0.16774
148.85000 0.08935 0.41935
148.95000 0.35739 0.08387
149.05000 0.62543 0.00000
149.15000 0.53608 0.16774
149.25000 0.26804 0.50323
149.35000 0.71478 0.33548
149.45000 0.35739 0.33548
149.55000 0.44674 0.58710
149.65000 0.44674 0.67097
149.75000 0.80412 0.67097
149.85000 0.53608 0.83871
149.95000 0.62543 0.16774
150.05000 0.44674 0.41935
150.15000 0.26804 0.58710
150.25000 0.71478 0.33548
150.35000 0.98282 1.00645
150.45000 1.34021 0.41935
150.55000 0.44674 0.58710
150.65000 1.07216 0.75484
150.75000 0.26804 0.33548
150.85000 0.71478 0.50323
150.95000 0.80412 0.58710
151.05000 0.35739 0.41935
151.15000 0.44674 0.33548
151.25000 0.35739 0.41935
151.35000 0.71478 0.58710
151.45000 0.53608 0.58710
151.55000 0.26804 0.33548
151.65000 0.35739 0.50323
151.75000 0.00000 0.50323
151.85000 0.26804 0.33548
151.95000 0.44674 0.41935
152.05000 0.17869 0.33548
152.15000 0.62543 0.16774
152.25000 0.08935 0.50323
152.35000 0.35739 0.16774
152.45000 0.08935 0.33548
152.55000 0.08935 0.16774
152.65000 0.35739 0.25161
152.75000 0.08935 0.50323
152.85000 0.35739 0.25161
152.95000 0.08935 0.16774
153.05000 0.17869 0.08387
153.15000 0.26804 0.25161
153.25000 0.08935 0.08387
153.35000 0.35739 0.08387
153.45000 0.00000 0.16774
153.55000 0.00000 0.16774
153.65000 0.08935 0.16774
153.75000 0.08935 0.08387
153.85000 0.08935 0.08387
153.95000 0.00000 0.25161
154.05000 0.17869 0.25161
154.15000 0.00000 0.00000
154.25000 0.08935 0.08387
154.35000 0.00000 0.16774
154.45000 0.17869 0.08387
154.55000 0.00000 0.00000
154.65000 0.26804 0.00000
154.75000 0.08935 0.16774
154.85000 0.00000 0.00000
154.95000 0.17869 0.08387
155.05000 0.00000 0.16774
155.15000 0.00000 0.16774
155.25000 0.00000 0.08387
155.35000 0.08935 0.00000
155.45000 0.00000 0.08387
155.55000 0.35739 0.00000
155.65000 0.00000 0.08387
155.75000 0.00000 0.00000
155.85000 0.08935 0.08387
155.95000 0.08935 0.00000
156.05000 0.17869 0.08387
156.15000 0.17869 0.00000
156.25000 0.00000 0.00000
156.35000 0.08935 0.08387
156.45000 0.08935 0.08387
156.55000 0.00000 0.08387
156.65000 0.00000 0.00000
156.75000 0.08935 0.00000
156.85000 0.17869 0.00000
156.95000 0.00000 0.00000
157.05000 0.17869 0.00000
157.15000 0.00000 0.00000
157.25000 0.00000 0.00000
157.35000 0.00000 0.00000
157.45000 0.08935 0.00000
157.55000 0.00000 0.00000
157.65000 0.00000 0.08387
157.75000 0.08935 0.00000
157.85000 0.08935 0.00000
157.95000 0.00000 0.08387
158.05000 0.08935 0.00000
158.15000 0.08935 0.00000
158.25000 0.00000 0.00000
158.35000 0.00000 0.00000
158.45000 0.00000 0.00000
158.55000 0.00000 0.00000
158.65000 0.00000 0.00000
158.75000 0.00000 0.00000
158.85000 0.08935 0.08387
158.95000 0.00000 0.08387
159.05000 0.00000 0.00000
159.15000 0.00000 0.08387
159.25000 0.08935 0.00000
159.35000 0.17869 0.08387
159.45000 0.00000 0.08387
159.55000 0.00000 0.25161
159.65000 0.08935 0.25161
159.75000 0.00000 0.08387
159.85000 0.17869 0.08387
159.95000 0.00000 0.00000
160.05000 0.00000 0.08387
160.15000 0.26804 0.08387
160.25000 0.00000 0.08387
160.35000 0.08935 0.16774
160.45000 0.08935 0.08387
160.55000 0.17869 0.16774
160.65000 0.08935 0.08387
160.75000 0.35739 0.00000
160.85000 0.17869 0.08387
160.95000 0.08935 0.16774
161.05000 0.17869 0.00000
161.15000 0.44674 0.25161
161.25000 0.53608 0.25161
161.35000 0.26804 0.33548
161.45000 0.44674 0.25161
161.55000 0.53608 0.33548
161.65000 0.44674 0.25161
161.75000 0.53608 0.58710
161.85000 0.35739 0.33548
161.95000 0.44674 0.83871
162.05000 0.62543 0.67097
162.15000 0.71478 0.41935
162.25000 0.62543 0.92258
162.35000 0.80412 0.83871
162.45000 0.80412 0.50323
162.55000 0.44674 0.58710
