0.01000 nan 0.00000 nan
0.29551 0.75841 0.08520 0.07905
0.58102 0.76297 0.23220 0.05543
0.86653 0.76276 0.39241 0.04356
1.15204 0.76131 0.51493 0.03603
1.43755 0.74884 0.62106 0.03288
1.72306 0.72277 0.71382 0.03090
2.00857 0.70300 0.77700 0.03308
2.29408 0.68867 0.81394 0.03148
2.57959 0.67262 0.84944 0.02902
2.86510 0.65303 0.88408 0.02739
3.15061 0.63469 0.91391 0.02565
3.43612 0.62250 0.93487 0.02542
3.72163 0.61564 0.95055 0.02421
4.00714 0.60929 0.96327 0.02363
4.29265 0.60672 0.96960 0.02330
4.57816 0.60471 0.97894 0.02448
4.86367 0.60457 0.98565 0.02391
5.14918 0.60434 0.99070 0.02350
5.43469 0.60395 0.99370 0.02312
5.72020 0.60430 0.99767 0.02238
6.00571 0.60407 1.00000 0.02243
6.29122 0.60407 1.00000 0.02243
6.57673 0.60407 1.00000 0.02243
6.86224 0.60407 1.00000 0.02243
7.14776 0.60407 1.00000 0.02243
7.43327 0.60407 1.00000 0.02243
7.71878 0.60407 1.00000 0.02243
8.00429 0.60407 1.00000 0.02243
8.28980 0.60407 1.00000 0.02243
8.57531 0.60407 1.00000 0.02243
8.86082 0.60407 1.00000 0.02243
9.14633 0.60407 1.00000 0.02243
9.43184 0.60407 1.00000 0.02243
9.71735 0.60407 1.00000 0.02243
10.00286 0.60407 1.00000 0.02243
10.28837 0.60407 1.00000 0.02243
10.57388 0.60407 1.00000 0.02243
10.85939 0.60407 1.00000 0.02243
11.14490 0.60407 1.00000 0.02243
11.43041 0.60407 1.00000 0.02243
11.71592 0.60407 1.00000 0.02243
12.00143 0.60407 1.00000 0.02243
12.28694 0.60407 1.00000 0.02243
12.57245 0.60407 1.00000 0.02243
12.85796 0.60407 1.00000 0.02243
13.14347 0.60407 1.00000 0.02243
13.42898 0.60407 1.00000 0.02243
13.71449 0.60407 1.00000 0.02243
14.00000 0.60407 1.00000 0.02243
