-162.55000 0.46263 0.93875
-162.45000 1.01779 0.28163
-162.35000 0.55516 0.65713
-162.25000 0.64769 0.65713
-162.15000 1.11032 0.46938
-162.05000 0.55516 0.28163
-161.95000 0.74021 1.12626
-161.85000 0.37011 0.46938
-161.75000 0.74021 0.46938
-161.65000 0.64769 0.75100
-161.55000 1.48043 0.56325
-161.45000 0.83274 0.56325
-161.35000 0.37011 0.46938
-161.25000 0.64769 0.46938
-161.15000 0.27758 0.18775
-161.05000 0.64769 0.46938
-160.95000 0.46263 0.56325
-160.85000 0.55516 0.28163
-160.75000 0.46263 0.65713
-160.65000 0.55516 0.28163
-160.55000 0.18505 0.46938
-160.45000 0.18505 0.46938
-160.35000 0.18505 0.18775
-160.25000 0.09253 0.09388
-160.15000 0.09253 0.18775
-160.05000 0.18505 0.18775
-159.95000 0.27758 0.18775
-159.85000 0.18505 0.46938
-159.75000 0.18505 0.09388
-159.65000 0.18505 0.56325
-159.55000 0.00000 0.09388
-159.45000 0.37011 0.18775
-159.35000 0.09253 0.28163
-159.25000 0.37011 0.18775
-159.15000 0.00000 0.09388
-159.05000 0.09253 0.18775
-158.95000 0.00000 0.00000
-158.85000 0.00000 0.18775
-158.75000 0.09253 0.18775
-158.65000 0.18505 0.18775
-158.55000 0.09253 0.18775
-158.45000 0.09253 0.00000
-158.35000 0.00000 0.18775
-158.25000 0.00000 0.18775
-158.15000 0.00000 0.00000
-158.05000 0.09253 0.00000
-157.95000 0.09253 0.09388
-157.85000 0.18505 0.09388
-157.75000 0.09253 0.00000
-157.65000 0.18505 0.00000
-157.55000 0.00000 0.37550
-157.45000 0.00000 0.18775
-157.35000 0.09253 0.00000
-157.25000 0.00000 0.00000
-157.15000 0.00000 0.00000
-157.05000 0.00000 0.09388
-156.95000 0.00000 0.00000
-156.85000 0.00000 0.09388
-156.75000 0.00000 0.00000
-156.65000 0.00000 0.18775
-156.55000 0.00000 0.09388
-156.45000 0.00000 0.00000
-156.35000 0.18505 0.09388
-156.25000 0.18505 0.00000
-156.15000 0.00000 0.00000
-156.05000 0.00000 0.00000
-155.95000 0.18505 0.00000
-155.85000 0.00000 0.09388
-155.75000 0.00000 0.00000
-155.65000 0.00000 0.00000
-155.55000 0.00000 0.00000
-155.45000 0.00000 0.00000
-155.35000 0.00000 0.09388
-155.25000 0.00000 0.09388
-155.15000 0.09253 0.00000
-155.05000 0.00000 0.00000
-154.95000 0.00000 0.00000
-154.85000 0.00000 0.00000
-154.75000 0.09253 0.00000
-154.65000 0.00000 0.00000
-154.55000 0.00000 0.00000
-154.45000 0.00000 0.09388
-154.35000 0.18505 0.00000
-154.25000 0.09253 0.09388
-154.15000 0.18505 0.09388
-154.05000 0.09253 0.09388
-153.95000 0.09253 0.00000
-153.85000 0.00000 0.00000
-153.75000 0.09253 0.00000
-153.65000 0.00000 0.00000
-153.55000 0.09253 0.00000
-153.45000 0.00000 0.09388
-153.35000 0.00000 0.00000
-153.25000 0.00000 0.18775
-153.15000 0.00000 0.00000
-153.05000 0.09253 0.00000
-152.95000 0.00000 0.00000
-152.85000 0.09253 0.18775
-152.75000 0.09253 0.09388
-152.65000 0.09253 0.09388
-152.55000 0.09253 0.00000
-152.45000 0.18505 0.09388
-152.35000 0.00000 0.18775
-152.25000 0.00000 0.00000
-152.15000 0.00000 0.09388
-152.05000 0.09253 0.18775
-151.95000 0.18505 0.09388
-151.85000 0.00000 0.09388
-151.75000 0.18505 0.37550
-151.65000 0.46263 0.00000
-151.55000 0.18505 0.18775
-151.45000 0.27758 0.28163
-151.35000 0.46263 0.18775
-151.25000 0.09253 0.28163
-151.15000 0.83274 0.18775
-151.05000 0.37011 0.28163
-150.95000 0.18505 0.28163
-150.85000 0.37011 0.65713
-150.75000 0.46263 0.18775
-150.65000 0.74021 0.37550
-150.55000 0.27758 0.09388
-150.45000 0.18505 0.46938
-150.35000 0.74021 0.46938
-150.25000 0.09253 0.46938
-150.15000 0.46263 0.75100
-150.05000 0.27758 0.65713
-149.95000 0.74021 0.65713
-149.85000 0.83274 0.93875
-149.75000 0.74021 0.46938
-149.65000 0.46263 0.75100
-149.55000 0.64769 0.84488
-149.45000 0.27758 0.28163
-149.35000 0.27758 0.93875
-149.25000 0.92527 0.37550
-149.15000 0.64769 0.84488
-149.05000 0.46263 0.46938
-148.95000 0.37011 0.09388
-148.85000 0.18505 0.18775
-148.75000 0.18505 0.46938
-148.65000 0.27758 0.18775
-148.55000 0.37011 0.28163
-148.45000 0.37011 0.56325
-148.35000 0.83274 0.46938
-148.25000 0.46263 0.18775
-148.15000 0.18505 0.18775
-148.05000 0.27758 0.46938
-147.95000 0.37011 0.28163
-147.85000 0.27758 0.37550
-147.75000 0.27758 0.18775
-147.65000 0.27758 0.56325
-147.55000 0.09253 0.18775
-147.45000 0.18505 0.37550
-147.35000 0.09253 0.18775
-147.25000 0.27758 0.37550
-147.15000 0.09253 0.18775
-147.05000 0.09253 0.18775
-146.95000 0.18505 0.37550
-146.85000 0.18505 0.28163
-146.75000 0.27758 0.09388
-146.65000 0.09253 0.00000
-146.55000 0.00000 0.09388
-146.45000 0.18505 0.09388
-146.35000 0.09253 0.18775
-146.25000 0.00000 0.00000
-146.15000 0.09253 0.18775
-146.05000 0.09253 0.09388
-145.95000 0.09253 0.09388
-145.85000 0.00000 0.00000
-145.75000 0.27758 0.18775
-145.65000 0.09253 0.00000
-145.55000 0.18505 0.18775
-145.45000 0.00000 0.18775
-145.35000 0.09253 0.00000
-145.25000 0.00000 0.00000
-145.15000 0.00000 0.00000
-145.05000 0.18505 0.09388
-144.95000 0.09253 0.09388
-144.85000 0.00000 0.00000
-144.75000 0.18505 0.00000
-144.65000 0.09253 0.00000
-144.55000 0.18505 0.09388
-144.45000 0.00000 0.00000
-144.35000 0.00000 0.00000
-144.25000 0.00000 0.00000
-144.15000 0.00000 0.00000
-144.05000 0.00000 0.09388
-143.95000 0.00000 0.18775
-143.85000 0.00000 0.00000
-143.75000 0.18505 0.00000
-143.65000 0.00000 0.00000
-143.55000 0.18505 0.00000
-143.45000 0.00000 0.18775
-143.35000 0.00000 0.18775
-143.25000 0.00000 0.00000
-143.15000 0.00000 0.00000
-143.05000 0.00000 0.00000
-142.95000 0.00000 0.00000
-142.85000 0.18505 0.09388
-142.75000 0.00000 0.09388
-142.65000 0.09253 0.00000
-142.55000 0.00000 0.09388
-142.45000 0.00000 0.00000
-142.35000 0.00000 0.09388
-142.25000 0.00000 0.00000
-142.15000 0.00000 0.09388
-142.05000 0.09253 0.00000
-141.95000 0.00000 0.09388
-141.85000 0.00000 0.00000
-141.75000 0.18505 0.09388
-141.65000 0.00000 0.00000
-141.55000 0.00000 0.09388
-141.45000 0.00000 0.00000
-141.35000 0.00000 0.18775
-141.25000 0.00000 0.18775
-141.15000 0.09253 0.09388
-141.05000 0.00000 0.00000
-140.95000 0.00000 0.00000
-140.85000 0.00000 0.00000
-140.75000 0.00000 0.09388
-140.65000 0.09253 0.00000
-140.55000 0.00000 0.00000
-140.45000 0.18505 0.00000
-140.35000 0.09253 0.00000
-140.25000 0.09253 0.18775
-140.15000 0.09253 0.18775
-140.05000 0.00000 0.09388
-139.95000 0.09253 0.18775
-139.85000 0.37011 0.18775
-139.75000 0.09253 0.18775
-139.65000 0.09253 0.00000
-139.55000 0.18505 0.18775
-139.45000 0.18505 0.18775
-139.35000 0.46263 0.46938
-139.25000 0.46263 0.00000
-139.15000 0.37011 0.09388
-139.05000 0.37011 0.46938
-138.95000 0.27758 0.09388
-138.85000 0.46263 0.28163
-138.75000 0.37011 0.28163
-138.65000 0.55516 0.28163
-138.55000 0.09253 0.37550
-138.45000 0.55516 0.46938
-138.35000 0.46263 0.00000
-138.25000 0.27758 0.09388
-138.15000 0.74021 0.65713
-138.05000 0.46263 0.46938
-137.95000 0.55516 0.65713
-137.85000 0.09253 0.28163
-137.75000 0.27758 0.09388
-137.65000 0.83274 0.28163
-137.55000 0.55516 0.37550
-137.45000 0.09253 0.37550
-137.35000 1.01779 0.84488
-137.25000 0.74021 0.37550
-137.15000 0.46263 0.46938
-137.05000 0.46263 0.28163
-136.95000 0.27758 0.46938
-136.85000 0.64769 0.46938
-136.75000 0.37011 0.46938
-136.65000 0.55516 0.56325
-136.55000 0.74021 0.65713
-136.45000 0.46263 0.75100
-136.35000 0.27758 0.18775
-136.25000 0.55516 0.28163
-136.15000 0.55516 0.18775
-136.05000 0.37011 0.65713
-135.95000 0.27758 0.37550
-135.85000 0.55516 0.37550
-135.75000 0.37011 0.28163
-135.65000 0.83274 0.46938
-135.55000 0.37011 0.28163
-135.45000 0.00000 0.37550
-135.35000 0.09253 0.18775
-135.25000 0.18505 0.46938
-135.15000 0.18505 0.09388
-135.05000 0.09253 0.37550
-134.95000 0.18505 0.37550
-134.85000 0.27758 0.28163
-134.75000 0.27758 0.18775
-134.65000 0.18505 0.09388
-134.55000 0.27758 0.37550
-134.45000 0.27758 0.18775
-134.35000 0.00000 0.09388
-134.25000 0.18505 0.28163
-134.15000 0.00000 0.28163
-134.05000 0.09253 0.00000
-133.95000 0.18505 0.00000
-133.85000 0.18505 0.18775
-133.75000 0.18505 0.00000
-133.65000 0.27758 0.00000
-133.55000 0.18505 0.09388
-133.45000 0.18505 0.18775
-133.35000 0.09253 0.09388
-133.25000 0.00000 0.09388
-133.15000 0.00000 0.00000
-133.05000 0.18505 0.09388
-132.95000 0.27758 0.46938
-132.85000 0.09253 0.09388
-132.75000 0.00000 0.46938
-132.65000 0.00000 0.00000
-132.55000 0.09253 0.00000
-132.45000 0.00000 0.00000
-132.35000 0.18505 0.28163
-132.25000 0.09253 0.09388
-132.15000 0.37011 0.09388
-132.05000 0.18505 0.00000
-131.95000 0.09253 0.00000
-131.85000 0.09253 0.09388
-131.75000 0.00000 0.00000
-131.65000 0.00000 0.00000
-131.55000 0.00000 0.00000
-131.45000 0.00000 0.09388
-131.35000 0.09253 0.00000
-131.25000 0.00000 0.09388
-131.15000 0.09253 0.09388
-131.05000 0.00000 0.00000
-130.95000 0.00000 0.00000
-130.85000 0.00000 0.00000
-130.75000 0.00000 0.00000
-130.65000 0.00000 0.00000
-130.55000 0.00000 0.00000
-130.45000 0.00000 0.00000
-130.35000 0.00000 0.00000
-130.25000 0.09253 0.00000
-130.15000 0.00000 0.00000
-130.05000 0.00000 0.00000
-129.95000 0.00000 0.00000
-129.85000 0.00000 0.00000
-129.75000 0.00000 0.00000
-129.65000 0.18505 0.00000
-129.55000 0.09253 0.09388
-129.45000 0.00000 0.00000
-129.35000 0.00000 0.00000
-129.25000 0.00000 0.18775
-129.15000 0.00000 0.00000
-129.05000 0.00000 0.00000
-128.95000 0.00000 0.00000
-128.85000 0.00000 0.09388
-128.75000 0.00000 0.18775
-128.65000 0.00000 0.00000
-128.55000 0.00000 0.09388
-128.45000 0.00000 0.00000
-128.35000 0.09253 0.00000
-128.25000 0.00000 0.28163
-128.15000 0.00000 0.09388
-128.05000 0.00000 0.09388
-127.95000 0.09253 0.00000
-127.85000 0.00000 0.00000
-127.75000 0.00000 0.00000
-127.65000 0.09253 0.00000
-127.55000 0.00000 0.00000
-127.45000 0.09253 0.00000
-127.35000 0.18505 0.09388
-127.25000 0.00000 0.09388
-127.15000 0.00000 0.09388
-127.05000 0.09253 0.00000
-126.95000 0.18505 0.09388
-126.85000 0.09253 0.00000
-126.75000 0.18505 0.18775
-126.65000 0.09253 0.37550
-126.55000 0.00000 0.28163
-126.45000 0.37011 0.09388
-126.35000 0.27758 0.37550
-126.25000 0.64769 0.18775
-126.15000 0.18505 0.28163
-126.05000 0.27758 0.37550
-125.95000 0.55516 0.28163
-125.85000 0.09253 0.00000
-125.75000 0.46263 0.18775
-125.65000 0.18505 0.09388
-125.55000 0.74021 0.65713
-125.45000 0.37011 0.56325
-125.35000 0.74021 0.28163
-125.25000 0.46263 0.93875
-125.15000 0.55516 0.56325
-125.05000 0.27758 0.84488
-124.95000 0.27758 0.56325
-124.85000 0.74021 0.46938
-124.75000 0.55516 0.46938
-124.65000 0.37011 0.84488
-124.55000 0.55516 0.56325
-124.45000 0.55516 0.28163
-124.35000 0.92527 0.46938
-124.25000 0.74021 0.37550
-124.15000 0.37011 0.75100
-124.05000 0.37011 0.75100
-123.95000 0.55516 1.03238
-123.85000 0.55516 0.18775
-123.75000 0.37011 0.65713
-123.65000 1.01779 0.65713
-123.55000 0.09253 0.75100
-123.45000 0.09253 0.84488
-123.35000 0.46263 0.46938
-123.25000 0.18505 0.93875
-123.15000 0.37011 0.37550
-123.05000 0.46263 0.46938
-122.95000 0.83274 0.18775
-122.85000 0.27758 0.28163
-122.75000 0.27758 0.00000
-122.65000 0.09253 0.18775
-122.55000 0.09253 0.09388
-122.45000 0.09253 0.00000
-122.35000 0.18505 0.00000
-122.25000 0.09253 0.28163
-122.15000 0.27758 0.18775
-122.05000 0.46263 0.00000
-121.95000 0.27758 0.18775
-121.85000 0.27758 0.37550
-121.75000 0.27758 0.37550
-121.65000 0.27758 0.09388
-121.55000 0.09253 0.00000
-121.45000 0.18505 0.18775
-121.35000 0.09253 0.18775
-121.25000 0.09253 0.00000
-121.15000 0.09253 0.00000
-121.05000 0.18505 0.09388
-120.95000 0.27758 0.46938
-120.85000 0.00000 0.00000
-120.75000 0.09253 0.00000
-120.65000 0.09253 0.09388
-120.55000 0.09253 0.00000
-120.45000 0.18505 0.09388
-120.35000 0.00000 0.00000
-120.25000 0.00000 0.00000
-120.15000 0.00000 0.09388
-120.05000 0.00000 0.18775
-119.95000 0.00000 0.00000
-119.85000 0.00000 0.09388
-119.75000 0.09253 0.00000
-119.65000 0.00000 0.18775
-119.55000 0.00000 0.28163
-119.45000 0.09253 0.18775
-119.35000 0.00000 0.09388
-119.25000 0.00000 0.00000
-119.15000 0.00000 0.00000
-119.05000 0.00000 0.00000
-118.95000 0.00000 0.09388
-118.85000 0.00000 0.00000
-118.75000 0.00000 0.09388
-118.65000 0.00000 0.00000
-118.55000 0.00000 0.00000
-118.45000 0.09253 0.00000
-118.35000 0.00000 0.09388
-118.25000 0.18505 0.00000
-118.15000 0.18505 0.00000
-118.05000 0.00000 0.00000
-117.95000 0.00000 0.00000
-117.85000 0.00000 0.00000
-117.75000 0.09253 0.00000
-117.65000 0.00000 0.00000
-117.55000 0.00000 0.09388
-117.45000 0.00000 0.00000
-117.35000 0.00000 0.00000
-117.25000 0.00000 0.00000
-117.15000 0.00000 0.00000
-117.05000 0.09253 0.00000
-116.95000 0.00000 0.09388
-116.85000 0.00000 0.09388
-116.75000 0.00000 0.00000
-116.65000 0.00000 0.00000
-116.55000 0.00000 0.09388
-116.45000 0.00000 0.00000
-116.35000 0.00000 0.18775
-116.25000 0.09253 0.00000
-116.15000 0.00000 0.00000
-116.05000 0.00000 0.00000
-115.95000 0.09253 0.00000
-115.85000 0.00000 0.00000
-115.75000 0.18505 0.00000
-115.65000 0.00000 0.09388
-115.55000 0.18505 0.00000
-115.45000 0.00000 0.09388
-115.35000 0.09253 0.00000
-115.25000 0.00000 0.00000
-115.15000 0.00000 0.09388
-115.05000 0.09253 0.09388
-114.95000 0.27758 0.00000
-114.85000 0.18505 0.00000
-114.75000 0.37011 0.37550
-114.65000 0.09253 0.09388
-114.55000 0.37011 0.28163
-114.45000 0.09253 0.28163
-114.35000 0.00000 0.00000
-114.25000 0.00000 0.18775
-114.15000 0.00000 0.09388
-114.05000 0.18505 0.37550
-113.95000 0.09253 0.18775
-113.85000 0.18505 0.18775
-113.75000 0.27758 0.46938
-113.65000 0.27758 0.56325
-113.55000 0.46263 0.18775
-113.45000 0.92527 0.56325
-113.35000 0.37011 0.00000
-113.25000 0.37011 0.37550
-113.15000 0.64769 0.56325
-113.05000 0.74021 0.28163
-112.95000 0.74021 0.37550
-112.85000 0.27758 0.65713
-112.75000 0.27758 0.75100
-112.65000 0.46263 0.46938
-112.55000 0.55516 0.28163
-112.45000 0.46263 0.65713
-112.35000 0.92527 0.46938
-112.25000 0.55516 0.65713
-112.15000 0.55516 0.37550
-112.05000 0.46263 1.12626
-111.95000 1.29537 0.09388
-111.85000 0.37011 0.84488
-111.75000 0.55516 0.65713
-111.65000 0.46263 0.37550
-111.55000 0.74021 0.56325
-111.45000 0.46263 0.65713
-111.35000 0.18505 0.46938
-111.25000 0.64769 0.37550
-111.15000 0.46263 0.75100
-111.05000 0.55516 0.09388
-110.95000 1.11032 0.09388
-110.85000 0.46263 0.37550
-110.75000 0.37011 0.56325
-110.65000 0.27758 0.28163
-110.55000 0.18505 0.56325
-110.45000 0.09253 0.37550
-110.35000 0.27758 0.18775
-110.25000 0.09253 0.18775
-110.15000 0.37011 0.18775
-110.05000 0.27758 0.18775
-109.95000 0.18505 0.37550
-109.85000 0.37011 0.09388
-109.75000 0.37011 0.18775
-109.65000 0.18505 0.28163
-109.55000 0.09253 0.18775
-109.45000 0.00000 0.09388
-109.35000 0.09253 0.28163
-109.25000 0.18505 0.09388
-109.15000 0.27758 0.18775
-109.05000 0.18505 0.00000
-108.95000 0.09253 0.09388
-108.85000 0.09253 0.09388
-108.75000 0.09253 0.18775
-108.65000 0.18505 0.09388
-108.55000 0.00000 0.09388
-108.45000 0.18505 0.09388
-108.35000 0.00000 0.18775
-108.25000 0.09253 0.00000
-108.15000 0.09253 0.09388
-108.05000 0.18505 0.18775
-107.95000 0.00000 0.09388
-107.85000 0.00000 0.09388
-107.75000 0.00000 0.00000
-107.65000 0.09253 0.09388
-107.55000 0.18505 0.18775
-107.45000 0.00000 0.09388
-107.35000 0.09253 0.09388
-107.25000 0.18505 0.00000
-107.15000 0.09253 0.00000
-107.05000 0.09253 0.00000
-106.95000 0.09253 0.00000
-106.85000 0.09253 0.09388
-106.75000 0.09253 0.09388
-106.65000 0.09253 0.09388
-106.55000 0.00000 0.18775
-106.45000 0.00000 0.00000
-106.35000 0.00000 0.00000
-106.25000 0.00000 0.00000
-106.15000 0.18505 0.00000
-106.05000 0.00000 0.09388
-105.95000 0.00000 0.09388
-105.85000 0.00000 0.00000
-105.75000 0.09253 0.00000
-105.65000 0.09253 0.00000
-105.55000 0.09253 0.09388
-105.45000 0.00000 0.00000
-105.35000 0.09253 0.00000
-105.25000 0.09253 0.09388
-105.15000 0.09253 0.00000
-105.05000 0.00000 0.00000
-104.95000 0.00000 0.09388
-104.85000 0.09253 0.00000
-104.75000 0.00000 0.00000
-104.65000 0.00000 0.00000
-104.55000 0.09253 0.00000
-104.45000 0.09253 0.09388
-104.35000 0.00000 0.18775
-104.25000 0.00000 0.09388
-104.15000 0.00000 0.09388
-104.05000 0.09253 0.00000
-103.95000 0.00000 0.00000
-103.85000 0.00000 0.09388
-103.75000 0.00000 0.00000
-103.65000 0.00000 0.00000
-103.55000 0.27758 0.00000
-103.45000 0.09253 0.00000
-103.35000 0.00000 0.00000
-103.25000 0.00000 0.09388
-103.15000 0.00000 0.00000
-103.05000 0.09253 0.00000
-102.95000 0.09253 0.09388
-102.85000 0.00000 0.09388
-102.75000 0.18505 0.18775
-102.65000 0.00000 0.09388
-102.55000 0.09253 0.09388
-102.45000 0.09253 0.09388
-102.35000 0.00000 0.28163
-102.25000 0.09253 0.28163
-102.15000 0.18505 0.09388
-102.05000 0.37011 0.00000
-101.95000 0.00000 0.09388
-101.85000 0.27758 0.00000
-101.75000 0.00000 0.09388
-101.65000 0.18505 0.56325
-101.55000 0.09253 0.28163
-101.45000 0.09253 0.28163
-101.35000 0.46263 0.09388
-101.25000 0.09253 0.00000
-101.15000 0.64769 0.18775
-101.05000 0.37011 0.18775
-100.95000 0.18505 0.37550
-100.85000 0.55516 0.56325
-100.75000 0.37011 0.18775
-100.65000 0.37011 0.18775
-100.55000 0.37011 0.28163
-100.45000 0.55516 0.37550
-100.35000 0.55516 0.65713
-100.25000 0.27758 0.37550
-100.15000 0.92527 0.75100
-100.05000 0.55516 0.65713
-99.95000 0.37011 0.18775
-99.85000 0.83274 0.46938
-99.75000 0.55516 0.28163
-99.65000 0.46263 0.46938
-99.55000 0.74021 0.46938
-99.45000 0.46263 0.75100
-99.35000 0.37011 0.65713
-99.25000 0.37011 0.84488
-99.15000 0.46263 0.75100
-99.05000 0.64769 0.56325
-98.95000 0.37011 0.46938
-98.85000 0.74021 1.12626
-98.75000 0.37011 0.75100
-98.65000 0.46263 0.37550
-98.55000 0.55516 0.56325
-98.45000 0.46263 0.37550
-98.35000 0.64769 0.56325
-98.25000 0.18505 0.46938
-98.15000 0.37011 0.75100
-98.05000 0.09253 0.18775
-97.95000 0.00000 0.18775
-97.85000 0.27758 0.37550
-97.75000 0.46263 0.00000
-97.65000 0.55516 0.09388
-97.55000 0.46263 0.46938
-97.45000 0.00000 0.18775
-97.35000 0.27758 0.28163
-97.25000 0.27758 0.18775
-97.15000 0.37011 0.00000
-97.05000 0.00000 0.56325
-96.95000 0.09253 0.37550
-96.85000 0.09253 0.28163
-96.75000 0.00000 0.28163
-96.65000 0.18505 0.46938
-96.55000 0.00000 0.18775
-96.45000 0.18505 0.28163
-96.35000 0.18505 0.09388
-96.25000 0.00000 0.28163
-96.15000 0.37011 0.37550
-96.05000 0.09253 0.28163
-95.95000 0.18505 0.00000
-95.85000 0.09253 0.00000
-95.75000 0.00000 0.18775
-95.65000 0.27758 0.28163
-95.55000 0.00000 0.00000
-95.45000 0.00000 0.00000
-95.35000 0.09253 0.00000
-95.25000 0.00000 0.09388
-95.15000 0.09253 0.18775
-95.05000 0.09253 0.18775
-94.95000 0.18505 0.18775
-94.85000 0.00000 0.09388
-94.75000 0.00000 0.00000
-94.65000 0.09253 0.00000
-94.55000 0.00000 0.00000
-94.45000 0.09253 0.00000
-94.35000 0.00000 0.00000
-94.25000 0.00000 0.00000
-94.15000 0.09253 0.00000
-94.05000 0.09253 0.09388
-93.95000 0.00000 0.00000
-93.85000 0.00000 0.18775
-93.75000 0.09253 0.00000
-93.65000 0.09253 0.09388
-93.55000 0.00000 0.09388
-93.45000 0.00000 0.00000
-93.35000 0.00000 0.00000
-93.25000 0.09253 0.00000
-93.15000 0.00000 0.00000
-93.05000 0.00000 0.00000
-92.95000 0.09253 0.00000
-92.85000 0.18505 0.18775
-92.75000 0.00000 0.09388
-92.65000 0.00000 0.00000
-92.55000 0.00000 0.00000
-92.45000 0.00000 0.00000
-92.35000 0.00000 0.00000
-92.25000 0.00000 0.09388
-92.15000 0.00000 0.00000
-92.05000 0.00000 0.00000
-91.95000 0.00000 0.00000
-91.85000 0.00000 0.00000
-91.75000 0.00000 0.00000
-91.65000 0.09253 0.00000
-91.55000 0.09253 0.00000
-91.45000 0.18505 0.09388
-91.35000 0.00000 0.09388
-91.25000 0.00000 0.00000
-91.15000 0.18505 0.09388
-91.05000 0.09253 0.18775
-90.95000 0.09253 0.00000
-90.85000 0.09253 0.09388
-90.75000 0.18505 0.09388
-90.65000 0.00000 0.00000
-90.55000 0.09253 0.00000
-90.45000 0.09253 0.00000
-90.35000 0.09253 0.18775
-90.25000 0.18505 0.09388
-90.15000 0.18505 0.00000
-90.05000 0.00000 0.00000
-89.95000 0.18505 0.09388
-89.85000 0.18505 0.09388
-89.75000 0.00000 0.00000
-89.65000 0.00000 0.00000
-89.55000 0.18505 0.18775
-89.45000 0.09253 0.18775
-89.35000 0.09253 0.28163
-89.25000 0.09253 0.18775
-89.15000 0.09253 0.09388
-89.05000 0.18505 0.09388
-88.95000 0.09253 0.28163
-88.85000 0.18505 0.37550
-88.75000 0.18505 0.18775
-88.65000 0.46263 0.28163
-88.55000 0.18505 0.37550
-88.45000 0.27758 0.18775
-88.35000 0.46263 0.37550
-88.25000 0.37011 0.56325
-88.15000 0.27758 0.56325
-88.05000 0.64769 0.37550
-87.95000 0.83274 0.28163
-87.85000 0.83274 0.37550
-87.75000 0.46263 0.46938
-87.65000 0.74021 0.65713
-87.55000 0.27758 0.75100
-87.45000 0.37011 0.75100
-87.35000 0.46263 0.75100
-87.25000 0.37011 0.56325
-87.15000 0.37011 0.84488
-87.05000 0.37011 0.75100
-86.95000 0.09253 0.75100
-86.85000 0.55516 0.56325
-86.75000 0.27758 0.75100
-86.65000 0.64769 0.46938
-86.55000 0.74021 0.37550
-86.45000 0.18505 0.46938
-86.35000 0.46263 0.46938
-86.25000 0.74021 0.28163
-86.15000 0.46263 0.46938
-86.05000 0.46263 0.46938
-85.95000 0.37011 0.18775
-85.85000 0.37011 0.18775
-85.75000 0.64769 0.46938
-85.65000 0.55516 0.28163
-85.55000 0.18505 0.28163
-85.45000 0.00000 0.09388
-85.35000 0.37011 0.18775
-85.25000 0.18505 0.18775
-85.15000 0.00000 0.28163
-85.05000 0.27758 0.28163
-84.95000 0.18505 0.37550
-84.85000 0.18505 0.18775
-84.75000 0.18505 0.28163
-84.65000 0.09253 0.28163
-84.55000 0.00000 0.28163
-84.45000 0.18505 0.28163
-84.35000 0.09253 0.28163
-84.25000 0.09253 0.37550
-84.15000 0.00000 0.00000
-84.05000 0.09253 0.18775
-83.95000 0.00000 0.09388
-83.85000 0.09253 0.28163
-83.75000 0.27758 0.09388
-83.65000 0.09253 0.18775
-83.55000 0.09253 0.00000
-83.45000 0.18505 0.00000
-83.35000 0.00000 0.09388
-83.25000 0.27758 0.46938
-83.15000 0.00000 0.00000
-83.05000 0.00000 0.09388
-82.95000 0.00000 0.09388
-82.85000 0.00000 0.00000
-82.75000 0.18505 0.00000
-82.65000 0.09253 0.18775
-82.55000 0.00000 0.00000
-82.45000 0.09253 0.00000
-82.35000 0.09253 0.00000
-82.25000 0.00000 0.09388
-82.15000 0.09253 0.00000
-82.05000 0.18505 0.00000
-81.95000 0.18505 0.00000
-81.85000 0.09253 0.00000
-81.75000 0.00000 0.00000
-81.65000 0.09253 0.28163
-81.55000 0.00000 0.00000
-81.45000 0.00000 0.09388
-81.35000 0.00000 0.00000
-81.25000 0.00000 0.00000
-81.15000 0.00000 0.00000
-81.05000 0.00000 0.00000
-80.95000 0.00000 0.00000
-80.85000 0.00000 0.09388
-80.75000 0.00000 0.00000
-80.65000 0.00000 0.09388
-80.55000 0.00000 0.00000
-80.45000 0.09253 0.00000
-80.35000 0.09253 0.00000
-80.25000 0.00000 0.00000
-80.15000 0.18505 0.00000
-80.05000 0.00000 0.00000
-79.95000 0.09253 0.00000
-79.85000 0.09253 0.00000
-79.75000 0.00000 0.09388
-79.65000 0.00000 0.09388
-79.55000 0.00000 0.18775
-79.45000 0.00000 0.09388
-79.35000 0.09253 0.09388
-79.25000 0.00000 0.00000
-79.15000 0.00000 0.00000
-79.05000 0.00000 0.00000
-78.95000 0.00000 0.00000
-78.85000 0.18505 0.00000
-78.75000 0.00000 0.00000
-78.65000 0.00000 0.00000
-78.55000 0.00000 0.00000
-78.45000 0.00000 0.00000
-78.35000 0.00000 0.00000
-78.25000 0.09253 0.09388
-78.15000 0.27758 0.00000
-78.05000 0.09253 0.00000
-77.95000 0.18505 0.09388
-77.85000 0.00000 0.00000
-77.75000 0.09253 0.09388
-77.65000 0.00000 0.09388
-77.55000 0.09253 0.00000
-77.45000 0.00000 0.00000
-77.35000 0.00000 0.28163
-77.25000 0.18505 0.09388
-77.15000 0.00000 0.00000
-77.05000 0.09253 0.09388
-76.95000 0.18505 0.09388
-76.85000 0.09253 0.28163
-76.75000 0.27758 0.09388
-76.65000 0.09253 0.09388
-76.55000 0.00000 0.09388
-76.45000 0.09253 0.09388
-76.35000 0.37011 0.00000
-76.25000 0.37011 0.18775
-76.15000 0.55516 0.18775
-76.05000 0.27758 0.28163
-75.95000 0.37011 0.37550
-75.85000 0.18505 0.46938
-75.75000 0.46263 0.46938
-75.65000 0.37011 0.37550
-75.55000 0.64769 0.84488
-75.45000 0.09253 0.37550
-75.35000 0.55516 0.65713
-75.25000 0.46263 0.56325
-75.15000 0.27758 0.75100
-75.05000 0.37011 0.75100
-74.95000 0.55516 0.37550
-74.85000 0.55516 0.65713
-74.75000 0.27758 0.46938
-74.65000 0.74021 1.12626
-74.55000 0.74021 0.75100
-74.45000 0.37011 0.37550
-74.35000 0.37011 0.46938
-74.25000 0.46263 0.18775
-74.15000 0.55516 0.75100
-74.05000 0.37011 0.75100
-73.95000 0.27758 1.12626
-73.85000 0.64769 0.46938
-73.75000 0.92527 0.46938
-73.65000 0.09253 0.56325
-73.55000 0.18505 0.28163
-73.45000 0.18505 0.28163
-73.35000 0.27758 0.46938
-73.25000 0.27758 0.18775
-73.15000 0.18505 0.46938
-73.05000 0.27758 0.37550
-72.95000 0.46263 0.18775
-72.85000 0.46263 0.46938
-72.75000 0.18505 0.56325
-72.65000 0.18505 0.46938
-72.55000 0.18505 0.09388
-72.45000 0.27758 0.18775
-72.35000 0.09253 0.09388
-72.25000 0.27758 0.09388
-72.15000 0.09253 0.00000
-72.05000 0.27758 0.37550
-71.95000 0.00000 0.37550
-71.85000 0.09253 0.09388
-71.75000 0.18505 0.09388
-71.65000 0.18505 0.46938
-71.55000 0.18505 0.09388
-71.45000 0.09253 0.00000
-71.35000 0.09253 0.18775
-71.25000 0.37011 0.00000
-71.15000 0.27758 0.18775
-71.05000 0.00000 0.09388
-70.95000 0.09253 0.09388
-70.85000 0.37011 0.00000
-70.75000 0.09253 0.28163
-70.65000 0.00000 0.09388
-70.55000 0.09253 0.00000
-70.45000 0.18505 0.09388
-70.35000 0.09253 0.18775
-70.25000 0.00000 0.09388
-70.15000 0.00000 0.18775
-70.05000 0.00000 0.18775
-69.95000 0.00000 0.00000
-69.85000 0.09253 0.09388
-69.75000 0.00000 0.00000
-69.65000 0.00000 0.09388
-69.55000 0.00000 0.00000
-69.45000 0.09253 0.18775
-69.35000 0.09253 0.00000
-69.25000 0.00000 0.09388
-69.15000 0.00000 0.00000
-69.05000 0.00000 0.09388
-68.95000 0.00000 0.00000
-68.85000 0.00000 0.00000
-68.75000 0.09253 0.00000
-68.65000 0.18505 0.00000
-68.55000 0.00000 0.09388
-68.45000 0.00000 0.09388
-68.35000 0.00000 0.00000
-68.25000 0.00000 0.00000
-68.15000 0.00000 0.00000
-68.05000 0.00000 0.09388
-67.95000 0.00000 0.00000
-67.85000 0.09253 0.09388
-67.75000 0.00000 0.00000
-67.65000 0.18505 0.09388
-67.55000 0.00000 0.09388
-67.45000 0.00000 0.09388
-67.35000 0.09253 0.00000
-67.25000 0.09253 0.00000
-67.15000 0.00000 0.28163
-67.05000 0.00000 0.09388
-66.95000 0.00000 0.00000
-66.85000 0.00000 0.00000
-66.75000 0.00000 0.00000
-66.65000 0.00000 0.00000
-66.55000 0.00000 0.00000
-66.45000 0.00000 0.18775
-66.35000 0.00000 0.18775
-66.25000 0.09253 0.00000
-66.15000 0.00000 0.00000
-66.05000 0.00000 0.00000
-65.95000 0.00000 0.00000
-65.85000 0.00000 0.00000
-65.75000 0.18505 0.00000
-65.65000 0.00000 0.18775
-65.55000 0.00000 0.00000
-65.45000 0.09253 0.09388
-65.35000 0.46263 0.28163
-65.25000 0.00000 0.09388
-65.15000 0.00000 0.00000
-65.05000 0.00000 0.00000
-64.95000 0.09253 0.18775
-64.85000 0.00000 0.09388
-64.75000 0.18505 0.09388
-64.65000 0.09253 0.09388
-64.55000 0.00000 0.28163
-64.45000 0.18505 0.09388
-64.35000 0.00000 0.18775
-64.25000 0.18505 0.00000
-64.15000 0.18505 0.18775
-64.05000 0.27758 0.00000
-63.95000 0.00000 0.09388
-63.85000 0.37011 0.28163
-63.75000 0.46263 0.09388
-63.65000 0.74021 0.18775
-63.55000 0.46263 0.09388
-63.45000 0.27758 0.28163
-63.35000 0.37011 0.09388
-63.25000 0.37011 0.56325
-63.15000 0.37011 0.28163
-63.05000 0.37011 0.56325
-62.95000 0.74021 0.18775
-62.85000 0.92527 0.37550
-62.75000 0.74021 0.09388
-62.65000 1.29537 0.46938
-62.55000 0.55516 0.93875
-62.45000 0.64769 0.28163
-62.35000 0.46263 0.28163
-62.25000 0.83274 0.28163
-62.15000 0.09253 0.56325
-62.05000 0.55516 0.65713
-61.95000 0.74021 0.37550
-61.85000 0.55516 0.65713
-61.75000 0.37011 0.75100
-61.65000 0.27758 0.28163
-61.55000 0.27758 0.84488
-61.45000 0.37011 0.56325
-61.35000 0.55516 0.37550
-61.25000 0.55516 0.65713
-61.15000 0.27758 0.84488
-61.05000 0.27758 0.09388
-60.95000 0.27758 0.46938
-60.85000 0.74021 0.00000
-60.75000 0.27758 0.18775
-60.65000 0.64769 0.18775
-60.55000 0.27758 0.18775
-60.45000 0.64769 0.09388
-60.35000 0.64769 0.00000
-60.25000 0.27758 0.09388
-60.15000 0.18505 0.37550
-60.05000 0.27758 0.18775
-59.95000 0.09253 0.37550
-59.85000 0.18505 0.09388
-59.75000 0.46263 0.28163
-59.65000 0.09253 0.09388
-59.55000 0.18505 0.09388
-59.45000 0.18505 0.00000
-59.35000 0.18505 0.18775
-59.25000 0.18505 0.00000
-59.15000 0.46263 0.28163
-59.05000 0.09253 0.18775
-58.95000 0.18505 0.28163
-58.85000 0.09253 0.00000
-58.75000 0.18505 0.09388
-58.65000 0.27758 0.09388
-58.55000 0.00000 0.18775
-58.45000 0.27758 0.00000
-58.35000 0.00000 0.00000
-58.25000 0.00000 0.00000
-58.15000 0.00000 0.00000
-58.05000 0.09253 0.18775
-57.95000 0.09253 0.09388
-57.85000 0.18505 0.00000
-57.75000 0.00000 0.00000
-57.65000 0.18505 0.00000
-57.55000 0.18505 0.09388
-57.45000 0.00000 0.00000
-57.35000 0.09253 0.00000
-57.25000 0.00000 0.18775
-57.15000 0.00000 0.18775
-57.05000 0.00000 0.09388
-56.95000 0.00000 0.00000
-56.85000 0.00000 0.00000
-56.75000 0.00000 0.00000
-56.65000 0.00000 0.18775
-56.55000 0.09253 0.00000
-56.45000 0.09253 0.00000
-56.35000 0.00000 0.00000
-56.25000 0.09253 0.18775
-56.15000 0.00000 0.00000
-56.05000 0.00000 0.09388
-55.95000 0.00000 0.09388
-55.85000 0.00000 0.00000
-55.75000 0.00000 0.09388
-55.65000 0.00000 0.00000
-55.55000 0.00000 0.00000
-55.45000 0.09253 0.00000
-55.35000 0.09253 0.00000
-55.25000 0.09253 0.00000
-55.15000 0.00000 0.00000
-55.05000 0.00000 0.00000
-54.95000 0.00000 0.00000
-54.85000 0.00000 0.00000
-54.75000 0.00000 0.00000
-54.65000 0.00000 0.09388
-54.55000 0.00000 0.00000
-54.45000 0.00000 0.09388
-54.35000 0.00000 0.00000
-54.25000 0.00000 0.00000
-54.15000 0.09253 0.00000
-54.05000 0.00000 0.00000
-53.95000 0.09253 0.09388
-53.85000 0.09253 0.09388
-53.75000 0.00000 0.28163
-53.65000 0.00000 0.00000
-53.55000 0.00000 0.00000
-53.45000 0.00000 0.00000
-53.35000 0.00000 0.09388
-53.25000 0.18505 0.00000
-53.15000 0.00000 0.00000
-53.05000 0.00000 0.00000
-52.95000 0.09253 0.00000
-52.85000 0.18505 0.09388
-52.75000 0.18505 0.09388
-52.65000 0.18505 0.09388
-52.55000 0.00000 0.09388
-52.45000 0.09253 0.18775
-52.35000 0.00000 0.09388
-52.25000 0.09253 0.37550
-52.15000 0.00000 0.18775
-52.05000 0.18505 0.46938
-51.95000 0.00000 0.18775
-51.85000 0.00000 0.00000
-51.75000 0.09253 0.00000
-51.65000 0.27758 0.09388
-51.55000 0.37011 0.37550
-51.45000 0.09253 0.09388
-51.35000 0.09253 0.28163
-51.25000 0.27758 0.65713
-51.15000 0.37011 0.37550
-51.05000 0.27758 0.09388
-50.95000 0.27758 0.28163
-50.85000 0.46263 0.37550
-50.75000 0.46263 0.18775
-50.65000 0.37011 0.65713
-50.55000 0.18505 0.65713
-50.45000 0.83274 0.93875
-50.35000 0.92527 0.46938
-50.25000 0.64769 0.75100
-50.15000 0.92527 0.65713
-50.05000 0.64769 0.37550
-49.95000 0.55516 0.46938
-49.85000 1.01779 0.93875
-49.75000 0.55516 0.28163
-49.65000 0.83274 0.56325
-49.55000 0.46263 0.56325
-49.45000 0.37011 0.75100
-49.35000 0.74021 0.75100
-49.25000 0.46263 0.75100
-49.15000 0.74021 0.28163
-49.05000 0.55516 0.65713
-48.95000 0.74021 0.37550
-48.85000 0.74021 0.09388
-48.75000 0.46263 0.65713
-48.65000 0.27758 0.75100
-48.55000 0.27758 0.56325
-48.45000 0.18505 0.75100
-48.35000 0.46263 0.09388
-48.25000 0.27758 0.09388
-48.15000 0.37011 0.37550
-48.05000 0.18505 0.18775
-47.95000 0.46263 0.46938
-47.85000 0.27758 0.46938
-47.75000 0.18505 0.00000
-47.65000 0.09253 0.46938
-47.55000 0.09253 0.28163
-47.45000 0.09253 0.18775
-47.35000 0.18505 0.37550
-47.25000 0.00000 0.09388
-47.15000 0.55516 0.28163
-47.05000 0.09253 0.18775
-46.95000 0.00000 0.28163
-46.85000 0.09253 0.09388
-46.75000 0.18505 0.18775
-46.65000 0.18505 0.09388
-46.55000 0.00000 0.00000
-46.45000 0.09253 0.18775
-46.35000 0.09253 0.09388
-46.25000 0.09253 0.18775
-46.15000 0.00000 0.18775
-46.05000 0.00000 0.00000
-45.95000 0.09253 0.28163
-45.85000 0.00000 0.28163
-45.75000 0.00000 0.00000
-45.65000 0.27758 0.09388
-45.55000 0.18505 0.18775
-45.45000 0.18505 0.00000
-45.35000 0.09253 0.00000
-45.25000 0.00000 0.09388
-45.15000 0.00000 0.09388
-45.05000 0.09253 0.00000
-44.95000 0.09253 0.09388
-44.85000 0.09253 0.18775
-44.75000 0.00000 0.09388
-44.65000 0.00000 0.09388
-44.55000 0.00000 0.09388
-44.45000 0.00000 0.09388
-44.35000 0.00000 0.09388
-44.25000 0.00000 0.09388
-44.15000 0.00000 0.09388
-44.05000 0.00000 0.00000
-43.95000 0.00000 0.09388
-43.85000 0.00000 0.09388
-43.75000 0.00000 0.00000
-43.65000 0.09253 0.00000
-43.55000 0.00000 0.00000
-43.45000 0.00000 0.09388
-43.35000 0.09253 0.00000
-43.25000 0.00000 0.09388
-43.15000 0.00000 0.00000
-43.05000 0.00000 0.00000
-42.95000 0.09253 0.00000
-42.85000 0.00000 0.00000
-42.75000 0.00000 0.00000
-42.65000 0.00000 0.00000
-42.55000 0.00000 0.00000
-42.45000 0.00000 0.00000
-42.35000 0.00000 0.00000
-42.25000 0.00000 0.00000
-42.15000 0.00000 0.00000
-42.05000 0.00000 0.00000
-41.95000 0.00000 0.09388
-41.85000 0.00000 0.09388
-41.75000 0.09253 0.09388
-41.65000 0.00000 0.00000
-41.55000 0.09253 0.18775
-41.45000 0.00000 0.00000
-41.35000 0.09253 0.00000
-41.25000 0.00000 0.09388
-41.15000 0.09253 0.18775
-41.05000 0.09253 0.09388
-40.95000 0.09253 0.00000
-40.85000 0.09253 0.00000
-40.75000 0.09253 0.00000
-40.65000 0.00000 0.09388
-40.55000 0.00000 0.00000
-40.45000 0.09253 0.00000
-40.35000 0.18505 0.00000
-40.25000 0.18505 0.00000
-40.15000 0.00000 0.00000
-40.05000 0.18505 0.00000
-39.95000 0.18505 0.37550
-39.85000 0.09253 0.09388
-39.75000 0.09253 0.18775
-39.65000 0.09253 0.09388
-39.55000 0.27758 0.00000
-39.45000 0.18505 0.00000
-39.35000 0.18505 0.18775
-39.25000 0.18505 0.28163
-39.15000 0.27758 0.28163
-39.05000 0.37011 0.28163
-38.95000 0.09253 0.00000
-38.85000 0.37011 0.37550
-38.75000 0.18505 0.18775
-38.65000 0.09253 0.46938
-38.55000 0.27758 0.28163
-38.45000 0.37011 0.28163
-38.35000 0.18505 0.09388
-38.25000 0.46263 0.93875
-38.15000 0.74021 0.56325
-38.05000 0.37011 0.46938
-37.95000 0.46263 0.84488
-37.85000 0.18505 0.56325
-37.75000 0.37011 0.37550
-37.65000 0.83274 0.84488
-37.55000 0.27758 0.75100
-37.45000 0.18505 0.37550
-37.35000 0.55516 0.93875
-37.25000 0.46263 0.46938
-37.15000 0.37011 0.65713
-37.05000 0.37011 0.46938
-36.95000 0.55516 0.37550
-36.85000 0.55516 0.28163
-36.75000 0.27758 0.84488
-36.65000 0.64769 0.37550
-36.55000 0.37011 0.28163
-36.45000 0.27758 0.75100
-36.35000 0.46263 0.18775
-36.25000 0.00000 0.37550
-36.15000 0.37011 0.56325
-36.05000 0.46263 0.46938
-35.95000 0.18505 0.18775
-35.85000 0.18505 0.46938
-35.75000 0.27758 0.46938
-35.65000 0.55516 0.37550
-35.55000 0.27758 0.56325
-35.45000 0.18505 0.65713
-35.35000 0.46263 0.18775
-35.25000 0.00000 0.00000
-35.15000 0.00000 0.18775
-35.05000 0.18505 0.46938
-34.95000 0.27758 0.09388
-34.85000 0.27758 0.28163
-34.75000 0.18505 0.37550
-34.65000 0.18505 0.46938
-34.55000 0.09253 0.28163
-34.45000 0.46263 0.46938
-34.35000 0.09253 0.09388
-34.25000 0.27758 0.09388
-34.15000 0.00000 0.09388
-34.05000 0.27758 0.46938
-33.95000 0.09253 0.28163
-33.85000 0.09253 0.00000
-33.75000 0.18505 0.09388
-33.65000 0.18505 0.18775
-33.55000 0.18505 0.18775
-33.45000 0.00000 0.37550
-33.35000 0.09253 0.09388
-33.25000 0.09253 0.18775
-33.15000 0.00000 0.18775
-33.05000 0.18505 0.09388
-32.95000 0.00000 0.09388
-32.85000 0.18505 0.09388
-32.75000 0.09253 0.09388
-32.65000 0.00000 0.09388
-32.55000 0.00000 0.09388
-32.45000 0.00000 0.09388
-32.35000 0.00000 0.09388
-32.25000 0.09253 0.00000
-32.15000 0.09253 0.00000
-32.05000 0.00000 0.00000
-31.95000 0.09253 0.00000
-31.85000 0.00000 0.00000
-31.75000 0.09253 0.09388
-31.65000 0.00000 0.09388
-31.55000 0.00000 0.00000
-31.45000 0.00000 0.00000
-31.35000 0.00000 0.00000
-31.25000 0.00000 0.09388
-31.15000 0.00000 0.09388
-31.05000 0.00000 0.18775
-30.95000 0.09253 0.00000
-30.85000 0.00000 0.00000
-30.75000 0.09253 0.00000
-30.65000 0.00000 0.00000
-30.55000 0.00000 0.00000
-30.45000 0.00000 0.00000
-30.35000 0.00000 0.00000
-30.25000 0.09253 0.00000
-30.15000 0.00000 0.09388
-30.05000 0.00000 0.00000
-29.95000 0.00000 0.00000
-29.85000 0.00000 0.00000
-29.75000 0.00000 0.00000
-29.65000 0.00000 0.00000
-29.55000 0.00000 0.09388
-29.45000 0.00000 0.00000
-29.35000 0.00000 0.00000
-29.25000 0.00000 0.18775
-29.15000 0.00000 0.09388
-29.05000 0.00000 0.00000
-28.95000 0.00000 0.00000
-28.85000 0.00000 0.00000
-28.75000 0.00000 0.00000
-28.65000 0.09253 0.00000
-28.55000 0.00000 0.09388
-28.45000 0.00000 0.00000
-28.35000 0.00000 0.09388
-28.25000 0.18505 0.00000
-28.15000 0.18505 0.09388
-28.05000 0.00000 0.09388
-27.95000 0.09253 0.00000
-27.85000 0.00000 0.09388
-27.75000 0.09253 0.00000
-27.65000 0.09253 0.00000
-27.55000 0.18505 0.18775
-27.45000 0.00000 0.09388
-27.35000 0.18505 0.09388
-27.25000 0.00000 0.09388
-27.15000 0.09253 0.00000
-27.05000 0.18505 0.09388
-26.95000 0.09253 0.18775
-26.85000 0.18505 0.00000
-26.75000 0.37011 0.09388
-26.65000 0.18505 0.09388
-26.55000 0.27758 0.37550
-26.45000 0.09253 0.09388
-26.35000 0.37011 0.00000
-26.25000 0.27758 0.18775
-26.15000 0.27758 0.09388
-26.05000 0.09253 0.18775
-25.95000 0.37011 0.28163
-25.85000 0.18505 0.28163
-25.75000 0.27758 0.37550
-25.65000 0.46263 0.37550
-25.55000 0.37011 0.37550
-25.45000 0.83274 0.84488
-25.35000 0.46263 0.75100
-25.25000 0.64769 0.46938
-25.15000 0.37011 0.56325
-25.05000 1.01779 1.03238
-24.95000 0.92527 0.75100
-24.85000 0.92527 0.75100
-24.75000 0.55516 0.46938
-24.65000 0.46263 0.46938
-24.55000 0.74021 0.37550
-24.45000 1.11032 0.65713
-24.35000 0.74021 0.37550
-24.25000 0.37011 0.56325
-24.15000 0.55516 0.56325
-24.05000 0.92527 0.75100
-23.95000 0.27758 0.84488
-23.85000 0.55516 0.09388
-23.75000 0.27758 0.75100
-23.65000 0.09253 0.18775
-23.55000 0.46263 0.75100
-23.45000 0.55516 0.18775
-23.35000 0.09253 0.65713
-23.25000 0.27758 0.37550
-23.15000 0.37011 0.28163
-23.05000 0.37011 0.18775
-22.95000 0.09253 0.46938
-22.85000 0.37011 0.18775
-22.75000 0.27758 0.18775
-22.65000 0.18505 0.28163
-22.55000 0.18505 0.18775
-22.45000 0.00000 0.18775
-22.35000 0.37011 0.09388
-22.25000 0.09253 0.18775
-22.15000 0.27758 0.37550
-22.05000 0.18505 0.00000
-21.95000 0.09253 0.18775
-21.85000 0.09253 0.18775
-21.75000 0.00000 0.28163
-21.65000 0.00000 0.37550
-21.55000 0.00000 0.09388
-21.45000 0.09253 0.09388
-21.35000 0.09253 0.00000
-21.25000 0.09253 0.18775
-21.15000 0.37011 0.09388
-21.05000 0.09253 0.00000
-20.95000 0.09253 0.37550
-20.85000 0.00000 0.09388
-20.75000 0.18505 0.18775
-20.65000 0.09253 0.00000
-20.55000 0.18505 0.18775
-20.45000 0.09253 0.09388
-20.35000 0.09253 0.00000
-20.25000 0.09253 0.18775
-20.15000 0.55516 0.09388
-20.05000 0.18505 0.18775
-19.95000 0.00000 0.09388
-19.85000 0.00000 0.09388
-19.75000 0.18505 0.00000
-19.65000 0.09253 0.00000
-19.55000 0.00000 0.18775
-19.45000 0.00000 0.00000
-19.35000 0.00000 0.00000
-19.25000 0.00000 0.09388
-19.15000 0.00000 0.00000
-19.05000 0.18505 0.09388
-18.95000 0.00000 0.00000
-18.85000 0.09253 0.00000
-18.75000 0.00000 0.00000
-18.65000 0.00000 0.00000
-18.55000 0.00000 0.00000
-18.45000 0.00000 0.09388
-18.35000 0.00000 0.00000
-18.25000 0.00000 0.09388
-18.15000 0.00000 0.00000
-18.05000 0.00000 0.00000
-17.95000 0.00000 0.00000
-17.85000 0.00000 0.00000
-17.75000 0.00000 0.00000
-17.65000 0.00000 0.00000
-17.55000 0.00000 0.00000
-17.45000 0.00000 0.00000
-17.35000 0.00000 0.00000
-17.25000 0.00000 0.00000
-17.15000 0.00000 0.00000
-17.05000 0.00000 0.00000
-16.95000 0.00000 0.09388
-16.85000 0.09253 0.00000
-16.75000 0.00000 0.00000
-16.65000 0.09253 0.00000
-16.55000 0.00000 0.00000
-16.45000 0.00000 0.00000
-16.35000 0.00000 0.00000
-16.25000 0.00000 0.09388
-16.15000 0.00000 0.00000
-16.05000 0.09253 0.00000
-15.95000 0.09253 0.09388
-15.85000 0.00000 0.18775
-15.75000 0.00000 0.00000
-15.65000 0.18505 0.00000
-15.55000 0.09253 0.00000
-15.45000 0.09253 0.00000
-15.35000 0.00000 0.00000
-15.25000 0.00000 0.09388
-15.15000 0.00000 0.00000
-15.05000 0.00000 0.18775
-14.95000 0.09253 0.00000
-14.85000 0.46263 0.09388
-14.75000 0.09253 0.09388
-14.65000 0.09253 0.00000
-14.55000 0.18505 0.28163
-14.45000 0.18505 0.18775
-14.35000 0.27758 0.18775
-14.25000 0.18505 0.18775
-14.15000 0.46263 0.09388
-14.05000 0.18505 0.09388
-13.95000 0.00000 0.18775
-13.85000 0.09253 0.28163
-13.75000 0.18505 0.00000
-13.65000 0.27758 0.18775
-13.55000 0.09253 0.28163
-13.45000 0.18505 0.09388
-13.35000 0.09253 0.28163
-13.25000 0.18505 0.18775
-13.15000 0.27758 0.09388
-13.05000 0.37011 0.09388
-12.95000 0.37011 0.28163
-12.85000 0.37011 0.28163
-12.75000 0.55516 0.28163
-12.65000 0.55516 0.46938
-12.55000 0.09253 0.56325
-12.45000 0.37011 0.46938
-12.35000 0.46263 0.65713
-12.25000 0.55516 0.37550
-12.15000 0.37011 0.56325
-12.05000 0.37011 0.28163
-11.95000 0.27758 0.09388
-11.85000 0.09253 0.37550
-11.75000 0.55516 0.75100
-11.65000 0.27758 0.37550
-11.55000 0.27758 0.75100
-11.45000 0.37011 0.09388
-11.35000 0.09253 0.46938
-11.25000 0.64769 0.46938
-11.15000 0.37011 0.09388
-11.05000 0.64769 0.18775
-10.95000 0.37011 0.37550
-10.85000 0.27758 0.65713
-10.75000 0.55516 0.18775
-10.65000 0.27758 0.65713
-10.55000 0.00000 0.18775
-10.45000 0.09253 0.28163
-10.35000 0.27758 0.09388
-10.25000 0.18505 0.09388
-10.15000 0.00000 0.18775
-10.05000 0.46263 0.28163
-9.95000 0.00000 0.46938
-9.85000 0.37011 0.09388
-9.75000 0.18505 0.18775
-9.65000 0.00000 0.18775
-9.55000 0.09253 0.46938
-9.45000 0.09253 0.09388
-9.35000 0.00000 0.46938
-9.25000 0.09253 0.18775
-9.15000 0.09253 0.00000
-9.05000 0.00000 0.09388
-8.95000 0.00000 0.09388
-8.85000 0.09253 0.09388
-8.75000 0.00000 0.09388
-8.65000 0.27758 0.09388
-8.55000 0.00000 0.09388
-8.45000 0.09253 0.00000
-8.35000 0.18505 0.00000
-8.25000 0.00000 0.00000
-8.15000 0.09253 0.00000
-8.05000 0.09253 0.09388
-7.95000 0.09253 0.00000
-7.85000 0.00000 0.09388
-7.75000 0.09253 0.00000
-7.65000 0.00000 0.00000
-7.55000 0.09253 0.00000
-7.45000 0.00000 0.00000
-7.35000 0.00000 0.00000
-7.25000 0.09253 0.09388
-7.15000 0.00000 0.00000
-7.05000 0.18505 0.00000
-6.95000 0.00000 0.00000
-6.85000 0.00000 0.09388
-6.75000 0.00000 0.09388
-6.65000 0.00000 0.00000
-6.55000 0.00000 0.09388
-6.45000 0.00000 0.00000
-6.35000 0.09253 0.09388
-6.25000 0.09253 0.00000
-6.15000 0.09253 0.00000
-6.05000 0.00000 0.00000
-5.95000 0.00000 0.00000
-5.85000 0.00000 0.00000
-5.75000 0.00000 0.00000
-5.65000 0.09253 0.00000
-5.55000 0.00000 0.09388
-5.45000 0.18505 0.00000
-5.35000 0.00000 0.00000
-5.25000 0.09253 0.09388
-5.15000 0.00000 0.00000
-5.05000 0.00000 0.09388
-4.95000 0.00000 0.00000
-4.85000 0.09253 0.00000
-4.75000 0.00000 0.00000
-4.65000 0.00000 0.00000
-4.55000 0.00000 0.00000
-4.45000 0.00000 0.00000
-4.35000 0.00000 0.00000
-4.25000 0.00000 0.00000
-4.15000 0.00000 0.00000
-4.05000 0.00000 0.00000
-3.95000 0.09253 0.00000
-3.85000 0.00000 0.00000
-3.75000 0.00000 0.00000
-3.65000 0.00000 0.00000
-3.55000 0.00000 0.00000
-3.45000 0.00000 0.09388
-3.35000 0.27758 0.00000
-3.25000 0.00000 0.00000
-3.15000 0.00000 0.00000
-3.05000 0.00000 0.00000
-2.95000 0.00000 0.00000
-2.85000 0.09253 0.00000
-2.75000 0.09253 0.00000
-2.65000 0.00000 0.09388
-2.55000 0.09253 0.00000
-2.45000 0.00000 0.00000
-2.35000 0.00000 0.00000
-2.25000 0.09253 0.09388
-2.15000 0.09253 0.00000
-2.05000 0.18505 0.00000
-1.95000 0.00000 0.00000
-1.85000 0.00000 0.00000
-1.75000 0.00000 0.00000
-1.65000 0.00000 0.09388
-1.55000 0.00000 0.18775
-1.45000 0.00000 0.09388
-1.35000 0.09253 0.00000
-1.25000 0.09253 0.09388
-1.15000 0.09253 0.00000
-1.05000 0.37011 0.00000
-0.95000 0.18505 0.09388
-0.85000 0.37011 0.00000
-0.75000 0.18505 0.09388
-0.65000 0.37011 0.00000
-0.55000 1.29537 0.09388
-0.45000 1.20285 0.09388
-0.35000 1.01779 0.00000
-0.25000 1.48043 0.28163
-0.15000 2.77580 0.28163
-0.05000 3.42349 0.18775
0.05000 4.07117 0.18775
0.15000 2.96085 0.18775
0.25000 3.97865 0.28163
0.35000 3.42349 0.37550
0.45000 4.44128 0.28163
0.55000 4.34875 0.75100
0.65000 4.25623 0.18775
0.75000 3.97865 0.56325
0.85000 3.60854 0.28163
0.95000 2.40569 0.28163
1.05000 2.40569 0.56325
1.15000 2.59075 0.56325
1.25000 1.57295 0.28163
1.35000 1.57295 0.56325
1.45000 2.22064 0.65713
1.55000 2.22064 1.03238
1.65000 1.11032 0.56325
1.75000 1.38790 0.37550
1.85000 1.20285 0.37550
1.95000 1.20285 0.37550
2.05000 0.83274 1.03238
2.15000 0.83274 0.46938
2.25000 0.64769 0.18775
2.35000 0.55516 0.09388
2.45000 1.11032 0.46938
2.55000 0.55516 0.18775
2.65000 0.18505 0.37550
2.75000 0.55516 0.18775
2.85000 0.55516 0.09388
2.95000 0.37011 0.65713
3.05000 0.37011 0.18775
3.15000 0.37011 0.09388
3.25000 0.27758 0.09388
3.35000 0.46263 0.37550
3.45000 0.18505 0.28163
3.55000 0.46263 0.09388
3.65000 0.18505 0.00000
3.75000 0.18505 0.09388
3.85000 0.18505 0.09388
3.95000 0.00000 0.09388
4.05000 0.18505 0.09388
4.15000 0.09253 0.09388
4.25000 0.09253 0.00000
4.35000 0.18505 0.00000
4.45000 0.00000 0.00000
4.55000 0.09253 0.09388
4.65000 0.37011 0.00000
4.75000 0.09253 0.09388
4.85000 0.18505 0.00000
4.95000 0.09253 0.00000
5.05000 0.09253 0.00000
5.15000 0.00000 0.00000
5.25000 0.09253 0.00000
5.35000 0.18505 0.00000
5.45000 0.00000 0.09388
5.55000 0.09253 0.00000
5.65000 0.18505 0.00000
5.75000 0.09253 0.00000
5.85000 0.00000 0.00000
5.95000 0.00000 0.00000
6.05000 0.27758 0.00000
6.15000 0.09253 0.00000
6.25000 0.09253 0.00000
6.35000 0.00000 0.00000
6.45000 0.00000 0.00000
6.55000 0.00000 0.00000
6.65000 0.00000 0.00000
6.75000 0.00000 0.00000
6.85000 0.18505 0.09388
6.95000 0.00000 0.00000
7.05000 0.09253 0.09388
7.15000 0.09253 0.00000
7.25000 0.00000 0.00000
7.35000 0.00000 0.00000
7.45000 0.00000 0.00000
7.55000 0.00000 0.00000
7.65000 0.00000 0.00000
7.75000 0.00000 0.00000
7.85000 0.00000 0.00000
7.95000 0.09253 0.00000
8.05000 0.00000 0.00000
8.15000 0.00000 0.00000
8.25000 0.00000 0.00000
8.35000 0.00000 0.09388
8.45000 0.00000 0.00000
8.55000 0.00000 0.00000
8.65000 0.00000 0.00000
8.75000 0.09253 0.00000
8.85000 0.09253 0.00000
8.95000 0.09253 0.00000
9.05000 0.00000 0.00000
9.15000 0.09253 0.18775
9.25000 0.09253 0.00000
9.35000 0.00000 0.09388
9.45000 0.00000 0.09388
9.55000 0.18505 0.00000
9.65000 0.09253 0.00000
9.75000 0.00000 0.00000
9.85000 0.09253 0.00000
9.95000 0.09253 0.00000
10.05000 0.00000 0.18775
10.15000 0.09253 0.00000
10.25000 0.00000 0.09388
10.35000 0.00000 0.18775
10.45000 0.00000 0.00000
10.55000 0.37011 0.18775
10.65000 0.00000 0.00000
10.75000 0.27758 0.09388
10.85000 0.27758 0.28163
10.95000 0.09253 0.00000
11.05000 0.09253 0.00000
11.15000 0.27758 0.28163
11.25000 0.27758 0.00000
11.35000 0.09253 0.18775
11.45000 0.27758 0.00000
11.55000 0.37011 0.18775
11.65000 0.64769 0.18775
11.75000 0.00000 0.46938
11.85000 0.55516 0.75100
11.95000 0.09253 0.28163
12.05000 0.27758 0.37550
12.15000 0.64769 0.09388
12.25000 0.55516 0.37550
12.35000 0.64769 0.46938
12.45000 0.46263 0.37550
12.55000 0.55516 0.56325
12.65000 0.83274 0.37550
12.75000 0.37011 0.28163
12.85000 0.37011 0.56325
12.95000 0.46263 0.56325
13.05000 0.55516 0.56325
13.15000 0.37011 0.37550
13.25000 0.37011 0.46938
13.35000 0.55516 0.37550
13.45000 0.46263 0.09388
13.55000 0.18505 0.28163
13.65000 0.27758 0.75100
13.75000 0.37011 0.46938
13.85000 0.55516 0.65713
13.95000 0.64769 0.37550
14.05000 0.09253 0.37550
14.15000 0.27758 0.56325
14.25000 0.00000 0.65713
14.35000 0.37011 0.56325
14.45000 0.18505 0.09388
14.55000 0.09253 0.37550
14.65000 0.37011 0.09388
14.75000 0.09253 0.46938
14.85000 0.09253 0.09388
14.95000 0.09253 0.37550
15.05000 0.09253 0.09388
15.15000 0.18505 0.28163
15.25000 0.18505 0.37550
15.35000 0.18505 0.09388
15.45000 0.27758 0.00000
15.55000 0.00000 0.28163
15.65000 0.27758 0.18775
15.75000 0.09253 0.09388
15.85000 0.09253 0.00000
15.95000 0.18505 0.00000
16.05000 0.09253 0.28163
16.15000 0.27758 0.37550
16.25000 0.09253 0.28163
16.35000 0.09253 0.37550
16.45000 0.09253 0.00000
16.55000 0.00000 0.00000
16.65000 0.09253 0.09388
16.75000 0.18505 0.28163
16.85000 0.09253 0.09388
16.95000 0.09253 0.18775
17.05000 0.09253 0.00000
17.15000 0.18505 0.18775
17.25000 0.00000 0.09388
17.35000 0.00000 0.00000
17.45000 0.00000 0.28163
17.55000 0.00000 0.09388
17.65000 0.00000 0.09388
17.75000 0.00000 0.00000
17.85000 0.00000 0.09388
17.95000 0.09253 0.09388
18.05000 0.09253 0.00000
18.15000 0.00000 0.18775
18.25000 0.09253 0.00000
18.35000 0.18505 0.00000
18.45000 0.18505 0.00000
18.55000 0.00000 0.09388
18.65000 0.00000 0.00000
18.75000 0.00000 0.00000
18.85000 0.09253 0.00000
18.95000 0.00000 0.00000
19.05000 0.00000 0.00000
19.15000 0.09253 0.00000
19.25000 0.00000 0.00000
19.35000 0.09253 0.00000
19.45000 0.18505 0.09388
19.55000 0.09253 0.00000
19.65000 0.00000 0.00000
19.75000 0.00000 0.00000
19.85000 0.00000 0.09388
19.95000 0.00000 0.09388
20.05000 0.09253 0.00000
20.15000 0.00000 0.00000
20.25000 0.00000 0.09388
20.35000 0.18505 0.00000
20.45000 0.00000 0.00000
20.55000 0.00000 0.00000
20.65000 0.09253 0.00000
20.75000 0.00000 0.09388
20.85000 0.00000 0.28163
20.95000 0.00000 0.00000
21.05000 0.00000 0.00000
21.15000 0.00000 0.00000
21.25000 0.00000 0.09388
21.35000 0.18505 0.00000
21.45000 0.18505 0.09388
21.55000 0.18505 0.09388
21.65000 0.09253 0.09388
21.75000 0.00000 0.09388
21.85000 0.09253 0.00000
21.95000 0.00000 0.09388
22.05000 0.00000 0.00000
22.15000 0.18505 0.09388
22.25000 0.18505 0.09388
22.35000 0.09253 0.00000
22.45000 0.00000 0.00000
22.55000 0.09253 0.09388
22.65000 0.00000 0.00000
22.75000 0.09253 0.00000
22.85000 0.18505 0.00000
22.95000 0.09253 0.09388
23.05000 0.09253 0.18775
23.15000 0.09253 0.00000
23.25000 0.00000 0.00000
23.35000 0.09253 0.09388
23.45000 0.00000 0.00000
23.55000 0.18505 0.09388
23.65000 0.37011 0.00000
23.75000 0.46263 0.46938
23.85000 0.46263 0.46938
23.95000 0.64769 0.28163
24.05000 0.09253 0.18775
24.15000 0.46263 0.46938
24.25000 0.18505 0.46938
24.35000 0.74021 0.46938
24.45000 0.55516 0.28163
24.55000 0.46263 0.37550
24.65000 0.46263 0.65713
24.75000 0.37011 0.56325
24.85000 0.64769 0.37550
24.95000 0.27758 0.65713
25.05000 0.46263 0.65713
25.15000 0.55516 0.46938
25.25000 0.64769 1.03238
25.35000 0.46263 0.37550
25.45000 0.46263 0.75100
25.55000 0.55516 0.28163
25.65000 0.55516 0.56325
25.75000 0.92527 0.37550
25.85000 0.46263 0.84488
25.95000 0.55516 0.65713
26.05000 0.92527 0.56325
26.15000 0.18505 0.37550
26.25000 0.37011 0.75100
26.35000 0.37011 0.00000
26.45000 0.46263 0.37550
26.55000 0.46263 0.18775
26.65000 0.27758 0.18775
26.75000 0.37011 0.37550
26.85000 0.27758 0.37550
26.95000 0.27758 0.46938
27.05000 0.55516 0.18775
27.15000 0.27758 0.37550
27.25000 0.18505 0.00000
27.35000 0.18505 0.18775
27.45000 0.27758 0.46938
27.55000 0.18505 0.56325
27.65000 0.18505 0.28163
27.75000 0.09253 0.37550
27.85000 0.46263 0.18775
27.95000 0.18505 0.18775
28.05000 0.09253 0.18775
28.15000 0.27758 0.28163
28.25000 0.37011 0.00000
28.35000 0.00000 0.09388
28.45000 0.18505 0.09388
28.55000 0.18505 0.00000
28.65000 0.37011 0.28163
28.75000 0.09253 0.28163
28.85000 0.18505 0.09388
28.95000 0.18505 0.09388
29.05000 0.00000 0.09388
29.15000 0.18505 0.00000
29.25000 0.00000 0.09388
29.35000 0.09253 0.28163
29.45000 0.00000 0.00000
29.55000 0.18505 0.28163
29.65000 0.00000 0.09388
29.75000 0.09253 0.18775
29.85000 0.00000 0.09388
29.95000 0.09253 0.00000
30.05000 0.00000 0.00000
30.15000 0.00000 0.00000
30.25000 0.00000 0.09388
30.35000 0.00000 0.00000
30.45000 0.00000 0.00000
30.55000 0.09253 0.00000
30.65000 0.00000 0.00000
30.75000 0.18505 0.00000
30.85000 0.00000 0.00000
30.95000 0.18505 0.09388
31.05000 0.09253 0.09388
31.15000 0.00000 0.00000
31.25000 0.00000 0.09388
31.35000 0.00000 0.00000
31.45000 0.00000 0.09388
31.55000 0.09253 0.00000
31.65000 0.00000 0.09388
31.75000 0.00000 0.00000
31.85000 0.00000 0.00000
31.95000 0.09253 0.00000
32.05000 0.00000 0.00000
32.15000 0.00000 0.00000
32.25000 0.00000 0.00000
32.35000 0.00000 0.00000
32.45000 0.09253 0.00000
32.55000 0.00000 0.00000
32.65000 0.00000 0.00000
32.75000 0.00000 0.00000
32.85000 0.09253 0.00000
32.95000 0.00000 0.00000
33.05000 0.00000 0.00000
33.15000 0.00000 0.00000
33.25000 0.09253 0.00000
33.35000 0.18505 0.09388
33.45000 0.00000 0.00000
33.55000 0.00000 0.00000
33.65000 0.27758 0.00000
33.75000 0.00000 0.00000
33.85000 0.00000 0.00000
33.95000 0.09253 0.00000
34.05000 0.00000 0.00000
34.15000 0.00000 0.18775
34.25000 0.00000 0.09388
34.35000 0.09253 0.00000
34.45000 0.09253 0.09388
34.55000 0.09253 0.18775
34.65000 0.00000 0.09388
34.75000 0.09253 0.00000
34.85000 0.00000 0.00000
34.95000 0.00000 0.09388
35.05000 0.00000 0.09388
35.15000 0.00000 0.18775
35.25000 0.00000 0.09388
35.35000 0.09253 0.00000
35.45000 0.09253 0.28163
35.55000 0.09253 0.00000
35.65000 0.27758 0.00000
35.75000 0.18505 0.09388
35.85000 0.37011 0.46938
35.95000 0.09253 0.18775
36.05000 0.18505 0.09388
36.15000 0.18505 0.09388
36.25000 0.27758 0.09388
36.35000 0.46263 0.28163
36.45000 0.37011 0.37550
36.55000 0.55516 0.56325
36.65000 0.37011 0.28163
36.75000 0.55516 0.18775
36.85000 0.74021 0.75100
36.95000 0.83274 0.65713
37.05000 0.37011 0.56325
37.15000 0.46263 0.46938
37.25000 0.46263 0.65713
37.35000 0.64769 0.93875
37.45000 0.74021 0.28163
37.55000 0.92527 0.65713
37.65000 0.64769 0.84488
37.75000 0.64769 0.18775
37.85000 0.64769 0.56325
37.95000 0.55516 0.18775
38.05000 0.46263 0.65713
38.15000 0.74021 0.65713
38.25000 0.64769 0.65713
38.35000 0.27758 0.93875
38.45000 0.46263 0.56325
38.55000 0.55516 0.65713
38.65000 0.46263 0.46938
38.75000 0.83274 0.65713
38.85000 0.27758 0.09388
38.95000 0.27758 0.37550
39.05000 0.27758 0.46938
39.15000 0.37011 0.18775
39.25000 0.74021 0.46938
39.35000 0.09253 0.37550
39.45000 0.74021 0.28163
39.55000 0.18505 0.28163
39.65000 0.09253 0.37550
39.75000 0.27758 0.28163
39.85000 0.18505 0.46938
39.95000 0.18505 0.37550
40.05000 0.27758 0.09388
40.15000 0.09253 0.09388
40.25000 0.18505 0.09388
40.35000 0.00000 0.28163
40.45000 0.09253 0.18775
40.55000 0.27758 0.09388
40.65000 0.00000 0.09388
40.75000 0.46263 0.00000
40.85000 0.09253 0.09388
40.95000 0.09253 0.00000
41.05000 0.09253 0.00000
41.15000 0.18505 0.18775
41.25000 0.37011 0.09388
41.35000 0.00000 0.00000
41.45000 0.09253 0.37550
41.55000 0.09253 0.18775
41.65000 0.18505 0.28163
41.75000 0.00000 0.18775
41.85000 0.09253 0.00000
41.95000 0.00000 0.09388
42.05000 0.00000 0.00000
42.15000 0.09253 0.09388
42.25000 0.18505 0.09388
42.35000 0.09253 0.09388
42.45000 0.00000 0.09388
42.55000 0.00000 0.18775
42.65000 0.18505 0.00000
42.75000 0.00000 0.00000
42.85000 0.09253 0.00000
42.95000 0.00000 0.09388
43.05000 0.27758 0.00000
43.15000 0.09253 0.00000
43.25000 0.18505 0.00000
43.35000 0.09253 0.00000
43.45000 0.09253 0.00000
43.55000 0.00000 0.09388
43.65000 0.09253 0.00000
43.75000 0.09253 0.09388
43.85000 0.09253 0.00000
43.95000 0.09253 0.09388
44.05000 0.00000 0.00000
44.15000 0.00000 0.00000
44.25000 0.00000 0.00000
44.35000 0.00000 0.00000
44.45000 0.09253 0.00000
44.55000 0.09253 0.00000
44.65000 0.00000 0.00000
44.75000 0.09253 0.00000
44.85000 0.00000 0.00000
44.95000 0.00000 0.00000
45.05000 0.00000 0.00000
45.15000 0.00000 0.00000
45.25000 0.00000 0.00000
45.35000 0.00000 0.00000
45.45000 0.09253 0.09388
45.55000 0.00000 0.18775
45.65000 0.09253 0.09388
45.75000 0.00000 0.00000
45.85000 0.00000 0.00000
45.95000 0.09253 0.00000
46.05000 0.00000 0.09388
46.15000 0.00000 0.09388
46.25000 0.09253 0.00000
46.35000 0.09253 0.00000
46.45000 0.00000 0.00000
46.55000 0.09253 0.00000
46.65000 0.00000 0.09388
46.75000 0.00000 0.09388
46.85000 0.00000 0.09388
46.95000 0.09253 0.18775
47.05000 0.00000 0.09388
47.15000 0.09253 0.00000
47.25000 0.00000 0.18775
47.35000 0.18505 0.09388
47.45000 0.09253 0.00000
47.55000 0.00000 0.18775
47.65000 0.27758 0.28163
47.75000 0.09253 0.18775
47.85000 0.09253 0.09388
47.95000 0.09253 0.09388
48.05000 0.27758 0.00000
48.15000 0.18505 0.18775
48.25000 0.18505 0.09388
48.35000 0.27758 0.18775
48.45000 0.27758 0.18775
48.55000 0.00000 0.28163
48.65000 0.09253 0.09388
48.75000 0.55516 0.56325
48.85000 0.46263 0.37550
48.95000 0.46263 0.18775
49.05000 0.18505 0.28163
49.15000 0.18505 0.65713
49.25000 0.37011 0.37550
49.35000 0.18505 0.46938
49.45000 0.46263 0.56325
49.55000 0.74021 0.37550
49.65000 0.74021 0.93875
49.75000 0.46263 0.75100
49.85000 0.74021 0.46938
49.95000 0.27758 0.46938
50.05000 0.46263 0.93875
50.15000 0.18505 0.93875
50.25000 0.55516 1.31401
50.35000 0.55516 1.03238
50.45000 0.64769 0.65713
50.55000 0.64769 0.09388
50.65000 0.37011 0.37550
50.75000 0.64769 0.46938
50.85000 0.55516 0.37550
50.95000 0.37011 0.65713
51.05000 0.55516 0.56325
51.15000 0.55516 0.93875
51.25000 0.37011 0.46938
51.35000 0.37011 0.46938
51.45000 0.55516 0.65713
51.55000 0.27758 0.18775
51.65000 0.46263 0.37550
51.75000 0.64769 0.65713
51.85000 0.18505 0.09388
51.95000 0.18505 0.09388
52.05000 0.18505 0.46938
52.15000 0.18505 0.18775
52.25000 0.27758 0.37550
52.35000 0.46263 0.37550
52.45000 0.46263 0.28163
52.55000 0.27758 0.09388
52.65000 0.00000 0.09388
52.75000 0.18505 0.18775
52.85000 0.09253 0.28163
52.95000 0.18505 0.28163
53.05000 0.18505 0.00000
53.15000 0.09253 0.37550
53.25000 0.09253 0.18775
53.35000 0.18505 0.37550
53.45000 0.18505 0.00000
53.55000 0.37011 0.18775
53.65000 0.09253 0.18775
53.75000 0.09253 0.00000
53.85000 0.18505 0.18775
53.95000 0.09253 0.09388
54.05000 0.18505 0.18775
54.15000 0.09253 0.09388
54.25000 0.09253 0.00000
54.35000 0.09253 0.09388
54.45000 0.00000 0.18775
54.55000 0.00000 0.18775
54.65000 0.09253 0.18775
54.75000 0.09253 0.09388
54.85000 0.00000 0.00000
54.95000 0.09253 0.00000
55.05000 0.00000 0.09388
55.15000 0.00000 0.00000
55.25000 0.09253 0.00000
55.35000 0.00000 0.00000
55.45000 0.00000 0.09388
55.55000 0.00000 0.00000
55.65000 0.09253 0.09388
55.75000 0.00000 0.09388
55.85000 0.00000 0.00000
55.95000 0.00000 0.09388
56.05000 0.09253 0.18775
56.15000 0.00000 0.00000
56.25000 0.27758 0.09388
56.35000 0.00000 0.00000
56.45000 0.00000 0.00000
56.55000 0.09253 0.00000
56.65000 0.00000 0.00000
56.75000 0.09253 0.09388
56.85000 0.00000 0.00000
56.95000 0.00000 0.00000
57.05000 0.00000 0.00000
57.15000 0.09253 0.00000
57.25000 0.00000 0.00000
57.35000 0.00000 0.09388
57.45000 0.09253 0.00000
57.55000 0.00000 0.00000
57.65000 0.00000 0.09388
57.75000 0.00000 0.00000
57.85000 0.00000 0.00000
57.95000 0.09253 0.00000
58.05000 0.00000 0.18775
58.15000 0.09253 0.09388
58.25000 0.00000 0.00000
58.35000 0.00000 0.00000
58.45000 0.00000 0.00000
58.55000 0.00000 0.00000
58.65000 0.00000 0.18775
58.75000 0.00000 0.00000
58.85000 0.00000 0.09388
58.95000 0.00000 0.00000
59.05000 0.09253 0.00000
59.15000 0.00000 0.09388
59.25000 0.00000 0.00000
59.35000 0.18505 0.00000
59.45000 0.00000 0.00000
59.55000 0.09253 0.00000
59.65000 0.00000 0.00000
59.75000 0.09253 0.18775
59.85000 0.18505 0.00000
59.95000 0.00000 0.18775
60.05000 0.09253 0.00000
60.15000 0.00000 0.09388
60.25000 0.09253 0.09388
60.35000 0.00000 0.00000
60.45000 0.55516 0.09388
60.55000 0.18505 0.18775
60.65000 0.18505 0.00000
60.75000 0.27758 0.18775
60.85000 0.09253 0.09388
60.95000 0.27758 0.00000
61.05000 0.00000 0.37550
61.15000 0.37011 0.37550
61.25000 0.37011 0.09388
61.35000 0.46263 0.75100
61.45000 0.74021 0.00000
61.55000 0.46263 0.28163
61.65000 0.27758 0.18775
61.75000 0.46263 0.37550
61.85000 0.83274 0.28163
61.95000 0.64769 0.75100
62.05000 0.18505 0.46938
62.15000 0.74021 0.28163
62.25000 0.46263 0.37550
62.35000 0.83274 0.84488
62.45000 0.55516 0.65713
62.55000 0.55516 0.56325
62.65000 0.64769 0.28163
62.75000 0.92527 1.03238
62.85000 1.01779 0.46938
62.95000 0.46263 0.37550
63.05000 0.92527 0.56325
63.15000 0.83274 0.37550
63.25000 0.18505 0.46938
63.35000 0.46263 1.03238
63.45000 0.27758 0.65713
63.55000 0.55516 0.37550
63.65000 0.46263 0.75100
63.75000 0.18505 0.65713
63.85000 0.09253 0.65713
63.95000 0.18505 0.18775
64.05000 0.64769 0.56325
64.15000 0.18505 0.46938
64.25000 0.27758 0.28163
64.35000 0.46263 0.18775
64.45000 0.18505 0.37550
64.55000 0.18505 0.37550
64.65000 0.46263 0.00000
64.75000 0.37011 0.56325
64.85000 0.37011 0.28163
64.95000 0.37011 0.18775
65.05000 0.46263 0.28163
65.15000 0.18505 0.37550
65.25000 0.37011 0.09388
65.35000 0.09253 0.18775
65.45000 0.09253 0.46938
65.55000 0.46263 0.28163
65.65000 0.27758 0.09388
65.75000 0.00000 0.18775
65.85000 0.18505 0.28163
65.95000 0.09253 0.00000
66.05000 0.27758 0.37550
66.15000 0.18505 0.00000
66.25000 0.00000 0.00000
66.35000 0.27758 0.00000
66.45000 0.27758 0.00000
66.55000 0.09253 0.09388
66.65000 0.09253 0.09388
66.75000 0.18505 0.00000
66.85000 0.09253 0.09388
66.95000 0.09253 0.00000
67.05000 0.09253 0.00000
67.15000 0.00000 0.18775
67.25000 0.00000 0.09388
67.35000 0.00000 0.09388
67.45000 0.09253 0.09388
67.55000 0.00000 0.00000
67.65000 0.09253 0.18775
67.75000 0.00000 0.00000
67.85000 0.09253 0.00000
67.95000 0.09253 0.00000
68.05000 0.09253 0.18775
68.15000 0.00000 0.00000
68.25000 0.00000 0.28163
68.35000 0.00000 0.00000
68.45000 0.09253 0.09388
68.55000 0.00000 0.09388
68.65000 0.00000 0.18775
68.75000 0.09253 0.00000
68.85000 0.00000 0.00000
68.95000 0.00000 0.09388
69.05000 0.00000 0.00000
69.15000 0.00000 0.00000
69.25000 0.00000 0.00000
69.35000 0.00000 0.00000
69.45000 0.00000 0.00000
69.55000 0.09253 0.09388
69.65000 0.00000 0.00000
69.75000 0.00000 0.00000
69.85000 0.09253 0.00000
69.95000 0.00000 0.00000
70.05000 0.00000 0.00000
70.15000 0.00000 0.00000
70.25000 0.00000 0.00000
70.35000 0.00000 0.09388
70.45000 0.00000 0.00000
70.55000 0.09253 0.00000
70.65000 0.00000 0.00000
70.75000 0.09253 0.00000
70.85000 0.09253 0.00000
70.95000 0.18505 0.00000
71.05000 0.00000 0.00000
71.15000 0.00000 0.00000
71.25000 0.00000 0.00000
71.35000 0.00000 0.28163
71.45000 0.00000 0.00000
71.55000 0.00000 0.00000
71.65000 0.09253 0.09388
71.75000 0.00000 0.09388
71.85000 0.00000 0.09388
71.95000 0.09253 0.00000
72.05000 0.00000 0.18775
72.15000 0.00000 0.00000
72.25000 0.00000 0.00000
72.35000 0.27758 0.09388
72.45000 0.09253 0.18775
72.55000 0.18505 0.00000
72.65000 0.18505 0.28163
72.75000 0.18505 0.18775
72.85000 0.09253 0.18775
72.95000 0.27758 0.00000
73.05000 0.09253 0.00000
73.15000 0.27758 0.18775
73.25000 0.18505 0.18775
73.35000 0.00000 0.28163
73.45000 0.27758 0.46938
73.55000 0.64769 0.18775
73.65000 0.27758 0.18775
73.75000 0.37011 0.18775
73.85000 0.18505 0.46938
73.95000 0.27758 0.09388
74.05000 0.00000 0.09388
74.15000 0.37011 0.28163
74.25000 0.27758 0.56325
74.35000 0.37011 0.37550
74.45000 0.74021 0.46938
74.55000 0.64769 0.37550
74.65000 0.27758 0.46938
74.75000 0.37011 0.56325
74.85000 0.46263 1.12626
74.95000 0.74021 0.75100
75.05000 0.64769 0.46938
75.15000 0.37011 0.37550
75.25000 0.46263 0.46938
75.35000 0.74021 1.03238
75.45000 0.55516 0.37550
75.55000 0.55516 0.09388
75.65000 0.83274 0.46938
75.75000 0.64769 0.75100
75.85000 0.37011 0.56325
75.95000 0.46263 0.75100
76.05000 0.64769 0.46938
76.15000 0.55516 0.18775
76.25000 0.64769 0.28163
76.35000 0.27758 0.46938
76.45000 0.18505 0.37550
76.55000 0.37011 0.46938
76.65000 0.18505 0.46938
76.75000 0.27758 0.09388
76.85000 0.46263 0.37550
76.95000 0.27758 0.28163
77.05000 0.09253 0.46938
77.15000 0.37011 0.56325
77.25000 0.27758 0.09388
77.35000 0.18505 0.28163
77.45000 0.27758 0.28163
77.55000 0.18505 0.09388
77.65000 0.18505 0.18775
77.75000 0.55516 0.18775
77.85000 0.37011 0.18775
77.95000 0.18505 0.37550
78.05000 0.37011 0.46938
78.15000 0.18505 0.28163
78.25000 0.09253 0.18775
78.35000 0.18505 0.18775
78.45000 0.18505 0.18775
78.55000 0.09253 0.18775
78.65000 0.09253 0.09388
78.75000 0.09253 0.00000
78.85000 0.09253 0.00000
78.95000 0.09253 0.00000
79.05000 0.37011 0.09388
79.15000 0.09253 0.00000
79.25000 0.09253 0.00000
79.35000 0.09253 0.00000
79.45000 0.00000 0.00000
79.55000 0.09253 0.18775
79.65000 0.09253 0.28163
79.75000 0.00000 0.18775
79.85000 0.00000 0.28163
79.95000 0.00000 0.18775
80.05000 0.00000 0.00000
80.15000 0.18505 0.09388
80.25000 0.18505 0.00000
80.35000 0.00000 0.00000
80.45000 0.09253 0.09388
80.55000 0.00000 0.09388
80.65000 0.00000 0.00000
80.75000 0.09253 0.00000
80.85000 0.00000 0.00000
80.95000 0.00000 0.00000
81.05000 0.00000 0.09388
81.15000 0.00000 0.09388
81.25000 0.00000 0.00000
81.35000 0.00000 0.00000
81.45000 0.00000 0.09388
81.55000 0.00000 0.00000
81.65000 0.00000 0.00000
81.75000 0.00000 0.18775
81.85000 0.00000 0.00000
81.95000 0.00000 0.09388
82.05000 0.09253 0.00000
82.15000 0.00000 0.00000
82.25000 0.00000 0.09388
82.35000 0.00000 0.00000
82.45000 0.09253 0.09388
82.55000 0.09253 0.00000
82.65000 0.00000 0.00000
82.75000 0.00000 0.00000
82.85000 0.00000 0.00000
82.95000 0.00000 0.00000
83.05000 0.00000 0.00000
83.15000 0.00000 0.00000
83.25000 0.09253 0.00000
83.35000 0.09253 0.00000
83.45000 0.00000 0.09388
83.55000 0.00000 0.00000
83.65000 0.00000 0.09388
83.75000 0.09253 0.00000
83.85000 0.00000 0.09388
83.95000 0.09253 0.00000
84.05000 0.00000 0.18775
84.15000 0.09253 0.00000
84.25000 0.00000 0.00000
84.35000 0.09253 0.00000
84.45000 0.00000 0.00000
84.55000 0.09253 0.09388
84.65000 0.00000 0.28163
84.75000 0.09253 0.00000
84.85000 0.18505 0.00000
84.95000 0.18505 0.00000
85.05000 0.18505 0.00000
85.15000 0.18505 0.00000
85.25000 0.09253 0.09388
85.35000 0.00000 0.00000
85.45000 0.00000 0.09388
85.55000 0.27758 0.37550
85.65000 0.37011 0.00000
85.75000 0.18505 0.18775
85.85000 0.37011 0.18775
85.95000 0.37011 0.37550
86.05000 0.18505 0.37550
86.15000 0.27758 0.18775
86.25000 0.46263 0.46938
86.35000 0.09253 0.18775
86.45000 0.37011 0.56325
86.55000 0.18505 0.37550
86.65000 0.18505 0.18775
86.75000 0.55516 0.46938
86.85000 0.18505 0.56325
86.95000 0.09253 0.37550
87.05000 0.64769 0.18775
87.15000 0.37011 0.37550
87.25000 0.27758 0.56325
87.35000 0.46263 1.12626
87.45000 0.83274 0.75100
87.55000 0.64769 1.12626
87.65000 0.46263 0.37550
87.75000 0.83274 0.37550
87.85000 0.37011 0.65713
87.95000 0.74021 0.46938
88.05000 0.55516 0.93875
88.15000 0.46263 0.56325
88.25000 0.27758 0.65713
88.35000 0.37011 0.37550
88.45000 0.55516 0.46938
88.55000 0.27758 0.46938
88.65000 0.37011 0.65713
88.75000 0.37011 0.46938
88.85000 0.37011 0.28163
88.95000 0.46263 0.56325
89.05000 0.55516 0.37550
89.15000 0.46263 0.37550
89.25000 0.18505 0.56325
89.35000 0.18505 0.37550
89.45000 0.64769 0.46938
89.55000 0.09253 0.28163
89.65000 0.37011 0.09388
89.75000 0.27758 0.46938
89.85000 0.00000 0.18775
89.95000 0.37011 0.37550
90.05000 0.37011 0.09388
90.15000 0.18505 0.28163
90.25000 0.00000 0.37550
90.35000 0.09253 0.37550
90.45000 0.09253 0.09388
90.55000 0.09253 0.18775
90.65000 0.09253 0.09388
90.75000 0.00000 0.28163
90.85000 0.09253 0.37550
90.95000 0.00000 0.18775
91.05000 0.09253 0.28163
91.15000 0.00000 0.00000
91.25000 0.09253 0.09388
91.35000 0.00000 0.09388
91.45000 0.27758 0.09388
91.55000 0.00000 0.09388
91.65000 0.18505 0.09388
91.75000 0.27758 0.09388
91.85000 0.00000 0.18775
91.95000 0.00000 0.09388
92.05000 0.18505 0.00000
92.15000 0.09253 0.00000
92.25000 0.09253 0.00000
92.35000 0.00000 0.09388
92.45000 0.18505 0.00000
92.55000 0.09253 0.09388
92.65000 0.00000 0.00000
92.75000 0.00000 0.09388
92.85000 0.00000 0.09388
92.95000 0.09253 0.00000
93.05000 0.09253 0.09388
93.15000 0.00000 0.09388
93.25000 0.00000 0.00000
93.35000 0.09253 0.00000
93.45000 0.00000 0.18775
93.55000 0.00000 0.09388
93.65000 0.09253 0.00000
93.75000 0.09253 0.00000
93.85000 0.09253 0.00000
93.95000 0.00000 0.00000
94.05000 0.00000 0.00000
94.15000 0.09253 0.00000
94.25000 0.00000 0.00000
94.35000 0.00000 0.09388
94.45000 0.00000 0.09388
94.55000 0.00000 0.00000
94.65000 0.00000 0.09388
94.75000 0.00000 0.00000
94.85000 0.00000 0.00000
94.95000 0.00000 0.09388
95.05000 0.00000 0.00000
95.15000 0.00000 0.00000
95.25000 0.00000 0.00000
95.35000 0.00000 0.00000
95.45000 0.00000 0.00000
95.55000 0.00000 0.09388
95.65000 0.00000 0.00000
95.75000 0.18505 0.00000
95.85000 0.09253 0.00000
95.95000 0.09253 0.00000
96.05000 0.00000 0.00000
96.15000 0.18505 0.00000
96.25000 0.09253 0.09388
96.35000 0.00000 0.18775
96.45000 0.09253 0.09388
96.55000 0.00000 0.00000
96.65000 0.09253 0.00000
96.75000 0.00000 0.09388
96.85000 0.00000 0.09388
96.95000 0.00000 0.00000
97.05000 0.09253 0.09388
97.15000 0.00000 0.00000
97.25000 0.00000 0.09388
97.35000 0.00000 0.09388
97.45000 0.09253 0.09388
97.55000 0.09253 0.18775
97.65000 0.09253 0.09388
97.75000 0.09253 0.09388
97.85000 0.18505 0.18775
97.95000 0.18505 0.00000
98.05000 0.27758 0.00000
98.15000 0.09253 0.09388
98.25000 0.18505 0.28163
98.35000 0.27758 0.46938
98.45000 0.09253 0.09388
98.55000 0.27758 0.09388
98.65000 0.27758 0.09388
98.75000 0.18505 0.37550
98.85000 0.74021 0.37550
98.95000 0.27758 0.56325
99.05000 0.27758 0.65713
99.15000 0.46263 0.46938
99.25000 0.27758 0.46938
99.35000 0.46263 0.37550
99.45000 0.74021 1.03238
99.55000 0.18505 0.37550
99.65000 0.83274 0.37550
99.75000 0.55516 0.75100
99.85000 0.46263 0.93875
99.95000 0.55516 1.12626
100.05000 0.83274 0.65713
100.15000 0.64769 0.37550
100.25000 0.27758 0.93875
100.35000 0.46263 0.46938
100.45000 0.27758 0.56325
100.55000 0.27758 0.37550
100.65000 0.46263 0.37550
100.75000 0.74021 0.56325
100.85000 0.27758 0.56325
100.95000 0.37011 0.75100
101.05000 0.37011 0.56325
101.15000 0.46263 0.37550
101.25000 0.27758 1.03238
101.35000 0.37011 0.46938
101.45000 0.27758 0.75100
101.55000 0.55516 0.46938
101.65000 0.18505 0.18775
101.75000 0.18505 0.56325
101.85000 0.09253 0.46938
101.95000 0.46263 0.18775
102.05000 0.46263 0.93875
102.15000 0.09253 0.28163
102.25000 0.18505 0.28163
102.35000 0.00000 0.28163
102.45000 0.18505 0.46938
102.55000 0.18505 0.56325
102.65000 0.09253 0.09388
102.75000 0.18505 0.37550
102.85000 0.18505 0.09388
102.95000 0.27758 0.37550
103.05000 0.27758 0.75100
103.15000 0.09253 0.65713
103.25000 0.18505 0.18775
103.35000 0.37011 0.37550
103.45000 0.00000 0.00000
103.55000 0.18505 0.00000
103.65000 0.18505 0.09388
103.75000 0.09253 0.09388
103.85000 0.09253 0.18775
103.95000 0.27758 0.09388
104.05000 0.09253 0.09388
104.15000 0.00000 0.00000
104.25000 0.09253 0.18775
104.35000 0.09253 0.28163
104.45000 0.09253 0.28163
104.55000 0.27758 0.00000
104.65000 0.00000 0.09388
104.75000 0.09253 0.09388
104.85000 0.09253 0.09388
104.95000 0.18505 0.00000
105.05000 0.27758 0.00000
105.15000 0.09253 0.00000
105.25000 0.09253 0.00000
105.35000 0.00000 0.00000
105.45000 0.00000 0.09388
105.55000 0.27758 0.00000
105.65000 0.18505 0.09388
105.75000 0.00000 0.00000
105.85000 0.00000 0.09388
105.95000 0.09253 0.09388
106.05000 0.00000 0.00000
106.15000 0.09253 0.00000
106.25000 0.00000 0.00000
106.35000 0.00000 0.00000
106.45000 0.00000 0.09388
106.55000 0.00000 0.00000
106.65000 0.00000 0.00000
106.75000 0.00000 0.00000
106.85000 0.00000 0.09388
106.95000 0.09253 0.00000
107.05000 0.00000 0.00000
107.15000 0.00000 0.00000
107.25000 0.00000 0.00000
107.35000 0.09253 0.00000
107.45000 0.00000 0.00000
107.55000 0.00000 0.09388
107.65000 0.00000 0.00000
107.75000 0.09253 0.00000
107.85000 0.00000 0.00000
107.95000 0.18505 0.00000
108.05000 0.00000 0.00000
108.15000 0.00000 0.09388
108.25000 0.00000 0.00000
108.35000 0.09253 0.09388
108.45000 0.00000 0.00000
108.55000 0.00000 0.09388
108.65000 0.00000 0.00000
108.75000 0.09253 0.09388
108.85000 0.00000 0.00000
108.95000 0.00000 0.00000
109.05000 0.09253 0.09388
109.15000 0.00000 0.09388
109.25000 0.00000 0.09388
109.35000 0.09253 0.00000
109.45000 0.09253 0.00000
109.55000 0.00000 0.18775
109.65000 0.00000 0.00000
109.75000 0.18505 0.18775
109.85000 0.27758 0.09388
109.95000 0.18505 0.09388
110.05000 0.09253 0.00000
110.15000 0.09253 0.09388
110.25000 0.09253 0.09388
110.35000 0.27758 0.09388
110.45000 0.27758 0.18775
110.55000 0.18505 0.09388
110.65000 0.09253 0.09388
110.75000 0.27758 0.28163
110.85000 0.09253 0.37550
110.95000 0.27758 0.09388
111.05000 0.27758 0.18775
111.15000 0.37011 0.18775
111.25000 0.09253 0.28163
111.35000 0.27758 0.46938
111.45000 0.18505 0.18775
111.55000 0.37011 0.37550
111.65000 0.27758 0.28163
111.75000 0.46263 0.65713
111.85000 0.37011 0.28163
111.95000 0.46263 0.28163
112.05000 0.37011 0.46938
112.15000 0.64769 0.65713
112.25000 0.74021 0.84488
112.35000 0.83274 0.46938
112.45000 0.92527 0.65713
112.55000 0.27758 0.75100
112.65000 1.20285 0.65713
112.75000 0.46263 0.75100
112.85000 0.37011 0.75100
112.95000 0.55516 0.28163
113.05000 0.83274 0.09388
113.15000 0.92527 0.28163
113.25000 0.64769 0.75100
113.35000 0.46263 0.56325
113.45000 0.64769 0.28163
113.55000 0.27758 0.46938
113.65000 0.55516 0.37550
113.75000 0.64769 0.28163
113.85000 0.46263 0.46938
113.95000 0.27758 0.37550
114.05000 0.46263 0.28163
114.15000 0.18505 0.00000
114.25000 0.46263 0.28163
114.35000 0.27758 0.46938
114.45000 0.18505 0.56325
114.55000 0.55516 0.37550
114.65000 0.09253 0.37550
114.75000 0.55516 0.37550
114.85000 0.09253 0.09388
114.95000 0.09253 0.00000
115.05000 0.18505 0.46938
115.15000 0.09253 0.18775
115.25000 0.27758 0.28163
115.35000 0.18505 0.28163
115.45000 0.27758 0.00000
115.55000 0.27758 0.09388
115.65000 0.18505 0.09388
115.75000 0.00000 0.09388
115.85000 0.09253 0.46938
115.95000 0.09253 0.18775
116.05000 0.09253 0.18775
116.15000 0.00000 0.18775
116.25000 0.18505 0.00000
116.35000 0.09253 0.28163
116.45000 0.00000 0.09388
116.55000 0.37011 0.18775
116.65000 0.09253 0.09388
116.75000 0.37011 0.37550
116.85000 0.27758 0.00000
116.95000 0.09253 0.28163
117.05000 0.27758 0.00000
117.15000 0.09253 0.18775
117.25000 0.00000 0.00000
117.35000 0.18505 0.09388
117.45000 0.09253 0.09388
117.55000 0.09253 0.18775
117.65000 0.09253 0.00000
117.75000 0.09253 0.18775
117.85000 0.00000 0.00000
117.95000 0.37011 0.09388
118.05000 0.00000 0.18775
118.15000 0.09253 0.00000
118.25000 0.00000 0.00000
118.35000 0.00000 0.09388
118.45000 0.00000 0.18775
118.55000 0.00000 0.18775
118.65000 0.00000 0.09388
118.75000 0.00000 0.00000
118.85000 0.09253 0.09388
118.95000 0.00000 0.00000
119.05000 0.00000 0.00000
119.15000 0.09253 0.00000
119.25000 0.09253 0.00000
119.35000 0.00000 0.00000
119.45000 0.00000 0.00000
119.55000 0.09253 0.09388
119.65000 0.00000 0.00000
119.75000 0.00000 0.00000
119.85000 0.00000 0.00000
119.95000 0.00000 0.00000
120.05000 0.00000 0.00000
120.15000 0.00000 0.00000
120.25000 0.00000 0.00000
120.35000 0.00000 0.00000
120.45000 0.18505 0.00000
120.55000 0.00000 0.09388
120.65000 0.00000 0.00000
120.75000 0.00000 0.09388
120.85000 0.00000 0.00000
120.95000 0.00000 0.00000
121.05000 0.09253 0.00000
121.15000 0.00000 0.00000
121.25000 0.00000 0.09388
121.35000 0.00000 0.09388
121.45000 0.00000 0.00000
121.55000 0.09253 0.00000
121.65000 0.00000 0.00000
121.75000 0.27758 0.00000
121.85000 0.18505 0.09388
121.95000 0.09253 0.00000
122.05000 0.09253 0.09388
122.15000 0.00000 0.18775
122.25000 0.18505 0.00000
122.35000 0.00000 0.00000
122.45000 0.00000 0.00000
122.55000 0.18505 0.09388
122.65000 0.00000 0.18775
122.75000 0.09253 0.09388
122.85000 0.18505 0.09388
122.95000 0.27758 0.09388
123.05000 0.18505 0.00000
123.15000 0.27758 0.09388
123.25000 0.27758 0.00000
123.35000 0.18505 0.00000
123.45000 0.55516 0.28163
123.55000 0.27758 0.09388
123.65000 0.00000 0.00000
123.75000 0.46263 0.28163
123.85000 0.18505 0.09388
123.95000 0.37011 0.18775
124.05000 0.27758 0.09388
124.15000 0.27758 0.18775
124.25000 0.64769 0.56325
124.35000 0.55516 0.18775
124.45000 1.38790 0.28163
124.55000 0.55516 0.46938
124.65000 0.55516 0.28163
124.75000 0.37011 0.46938
124.85000 0.64769 0.65713
124.95000 0.74021 0.46938
125.05000 0.37011 0.37550
125.15000 1.29537 1.12626
125.25000 0.46263 0.84488
125.35000 1.01779 0.65713
125.45000 0.92527 0.56325
125.55000 0.83274 0.37550
125.65000 0.46263 0.93875
125.75000 0.55516 1.22013
125.85000 0.92527 0.28163
125.95000 0.92527 1.12626
126.05000 0.55516 0.46938
126.15000 0.64769 0.46938
126.25000 0.00000 0.56325
126.35000 0.64769 0.37550
126.45000 0.27758 0.46938
126.55000 0.18505 0.37550
126.65000 0.18505 0.46938
126.75000 0.18505 0.37550
126.85000 0.09253 0.18775
126.95000 0.09253 0.18775
127.05000 0.00000 0.37550
127.15000 0.46263 0.00000
127.25000 0.09253 0.28163
127.35000 0.27758 0.18775
127.45000 0.00000 0.18775
127.55000 0.37011 0.18775
127.65000 0.18505 0.28163
127.75000 0.27758 0.28163
127.85000 0.18505 0.18775
127.95000 0.00000 0.28163
128.05000 0.00000 0.28163
128.15000 0.18505 0.28163
128.25000 0.09253 0.28163
128.35000 0.09253 0.09388
128.45000 0.09253 0.09388
128.55000 0.09253 0.18775
128.65000 0.09253 0.37550
128.75000 0.09253 0.09388
128.85000 0.09253 0.00000
128.95000 0.18505 0.09388
129.05000 0.18505 0.00000
129.15000 0.37011 0.00000
129.25000 0.09253 0.00000
129.35000 0.00000 0.00000
129.45000 0.09253 0.18775
129.55000 0.09253 0.09388
129.65000 0.09253 0.09388
129.75000 0.09253 0.00000
129.85000 0.00000 0.00000
129.95000 0.00000 0.09388
130.05000 0.00000 0.09388
130.15000 0.00000 0.00000
130.25000 0.00000 0.09388
130.35000 0.09253 0.00000
130.45000 0.00000 0.09388
130.55000 0.18505 0.09388
130.65000 0.00000 0.18775
130.75000 0.09253 0.09388
130.85000 0.09253 0.09388
130.95000 0.00000 0.00000
131.05000 0.09253 0.00000
131.15000 0.00000 0.00000
131.25000 0.00000 0.18775
131.35000 0.00000 0.09388
131.45000 0.00000 0.00000
131.55000 0.00000 0.00000
131.65000 0.00000 0.00000
131.75000 0.00000 0.00000
131.85000 0.00000 0.00000
131.95000 0.00000 0.00000
132.05000 0.00000 0.00000
132.15000 0.00000 0.09388
132.25000 0.00000 0.00000
132.35000 0.00000 0.09388
132.45000 0.00000 0.00000
132.55000 0.00000 0.09388
132.65000 0.00000 0.00000
132.75000 0.00000 0.09388
132.85000 0.00000 0.00000
132.95000 0.00000 0.09388
133.05000 0.09253 0.18775
133.15000 0.00000 0.09388
133.25000 0.00000 0.09388
133.35000 0.09253 0.00000
133.45000 0.00000 0.09388
133.55000 0.09253 0.00000
133.65000 0.00000 0.00000
133.75000 0.09253 0.09388
133.85000 0.09253 0.00000
133.95000 0.00000 0.09388
134.05000 0.09253 0.28163
134.15000 0.00000 0.00000
134.25000 0.37011 0.00000
134.35000 0.09253 0.18775
134.45000 0.09253 0.09388
134.55000 0.00000 0.00000
134.65000 0.18505 0.00000
134.75000 0.00000 0.00000
134.85000 0.18505 0.18775
134.95000 0.18505 0.09388
135.05000 0.00000 0.00000
135.15000 0.18505 0.18775
135.25000 0.18505 0.18775
135.35000 0.09253 0.09388
135.45000 0.00000 0.09388
135.55000 0.18505 0.09388
135.65000 0.09253 0.18775
135.75000 0.27758 0.09388
135.85000 0.00000 0.28163
135.95000 0.18505 0.09388
136.05000 0.18505 0.18775
136.15000 0.27758 0.18775
136.25000 0.37011 0.18775
136.35000 0.18505 0.00000
136.45000 0.37011 0.37550
136.55000 0.37011 0.46938
136.65000 0.37011 0.37550
136.75000 0.46263 0.28163
136.85000 0.46263 0.75100
136.95000 0.46263 0.28163
137.05000 0.46263 0.75100
137.15000 0.27758 0.46938
137.25000 0.18505 0.46938
137.35000 0.46263 0.56325
137.45000 0.64769 0.28163
137.55000 0.74021 0.56325
137.65000 0.64769 0.46938
137.75000 0.46263 0.46938
137.85000 0.92527 0.93875
137.95000 0.37011 0.75100
138.05000 0.83274 0.56325
138.15000 0.83274 0.65713
138.25000 0.46263 0.75100
138.35000 0.55516 0.84488
138.45000 0.74021 0.75100
138.55000 0.37011 0.28163
138.65000 0.37011 0.37550
138.75000 0.27758 0.09388
138.85000 0.37011 0.28163
138.95000 0.55516 0.46938
139.05000 0.83274 0.56325
139.15000 0.09253 0.28163
139.25000 0.46263 0.56325
139.35000 0.46263 0.46938
139.45000 0.18505 0.56325
139.55000 0.18505 0.56325
139.65000 0.09253 0.75100
139.75000 0.55516 0.28163
139.85000 0.18505 0.18775
139.95000 0.18505 0.46938
140.05000 0.37011 0.18775
140.15000 0.27758 0.00000
140.25000 0.18505 0.18775
140.35000 0.37011 0.28163
140.45000 0.27758 0.18775
140.55000 0.00000 0.28163
140.65000 0.18505 0.09388
140.75000 0.18505 0.00000
140.85000 0.18505 0.18775
140.95000 0.09253 0.09388
141.05000 0.09253 0.18775
141.15000 0.18505 0.09388
141.25000 0.18505 0.00000
141.35000 0.18505 0.18775
141.45000 0.00000 0.09388
141.55000 0.18505 0.09388
141.65000 0.09253 0.37550
141.75000 0.09253 0.09388
141.85000 0.09253 0.28163
141.95000 0.00000 0.09388
142.05000 0.09253 0.00000
142.15000 0.00000 0.09388
142.25000 0.00000 0.00000
142.35000 0.00000 0.09388
142.45000 0.09253 0.00000
142.55000 0.09253 0.00000
142.65000 0.09253 0.09388
142.75000 0.09253 0.09388
142.85000 0.18505 0.09388
142.95000 0.00000 0.09388
143.05000 0.09253 0.00000
143.15000 0.00000 0.09388
143.25000 0.00000 0.09388
143.35000 0.09253 0.00000
143.45000 0.00000 0.00000
143.55000 0.00000 0.00000
143.65000 0.00000 0.00000
143.75000 0.00000 0.00000
143.85000 0.00000 0.09388
143.95000 0.18505 0.00000
144.05000 0.00000 0.09388
144.15000 0.00000 0.00000
144.25000 0.09253 0.09388
144.35000 0.00000 0.00000
144.45000 0.00000 0.09388
144.55000 0.00000 0.00000
144.65000 0.00000 0.00000
144.75000 0.00000 0.09388
144.85000 0.09253 0.00000
144.95000 0.00000 0.00000
145.05000 0.00000 0.00000
145.15000 0.00000 0.09388
145.25000 0.00000 0.00000
145.35000 0.00000 0.00000
145.45000 0.00000 0.00000
145.55000 0.00000 0.00000
145.65000 0.00000 0.00000
145.75000 0.00000 0.00000
145.85000 0.00000 0.18775
145.95000 0.00000 0.09388
146.05000 0.00000 0.18775
146.15000 0.00000 0.00000
146.25000 0.00000 0.00000
146.35000 0.00000 0.00000
146.45000 0.00000 0.00000
146.55000 0.00000 0.00000
146.65000 0.00000 0.09388
146.75000 0.00000 0.09388
146.85000 0.00000 0.00000
146.95000 0.27758 0.00000
147.05000 0.09253 0.09388
147.15000 0.00000 0.09388
147.25000 0.09253 0.09388
147.35000 0.00000 0.00000
147.45000 0.09253 0.09388
147.55000 0.00000 0.09388
147.65000 0.00000 0.18775
147.75000 0.09253 0.18775
147.85000 0.00000 0.09388
147.95000 0.09253 0.18775
148.05000 0.09253 0.09388
148.15000 0.00000 0.00000
148.25000 0.27758 0.28163
148.35000 0.18505 0.09388
148.45000 0.27758 0.56325
148.55000 0.18505 0.37550
148.65000 0.09253 0.09388
148.75000 0.09253 0.37550
148.85000 0.37011 0.28163
148.95000 0.00000 0.18775
149.05000 0.18505 0.56325
149.15000 0.64769 0.28163
149.25000 0.27758 0.28163
149.35000 0.55516 0.75100
149.45000 0.64769 0.46938
149.55000 0.74021 1.12626
149.65000 0.27758 0.28163
149.75000 0.46263 0.75100
149.85000 1.11032 0.56325
149.95000 0.74021 0.56325
150.05000 0.55516 0.56325
150.15000 0.83274 0.65713
150.25000 0.74021 0.46938
150.35000 0.64769 0.75100
150.45000 0.55516 0.93875
150.55000 0.09253 0.56325
150.65000 0.18505 0.28163
150.75000 0.37011 0.37550
150.85000 0.55516 1.03238
150.95000 0.27758 0.65713
151.05000 0.27758 0.56325
151.15000 0.55516 0.65713
151.25000 0.09253 0.46938
151.35000 0.37011 0.18775
151.45000 0.37011 0.46938
151.55000 0.18505 0.18775
151.65000 0.37011 0.65713
151.75000 0.27758 0.84488
151.85000 0.64769 0.37550
151.95000 0.18505 0.46938
152.05000 0.55516 0.18775
152.15000 0.27758 0.28163
152.25000 0.27758 0.75100
152.35000 0.18505 0.18775
152.45000 0.09253 0.28163
152.55000 0.18505 0.37550
152.65000 0.00000 0.18775
152.75000 0.27758 0.09388
152.85000 0.09253 0.28163
152.95000 0.09253 0.00000
153.05000 0.00000 0.09388
153.15000 0.18505 0.09388
153.25000 0.27758 0.37550
153.35000 0.37011 0.00000
153.45000 0.00000 0.28163
153.55000 0.09253 0.00000
153.65000 0.09253 0.18775
153.75000 0.00000 0.09388
153.85000 0.09253 0.18775
153.95000 0.27758 0.18775
154.05000 0.18505 0.28163
154.15000 0.18505 0.09388
154.25000 0.00000 0.18775
154.35000 0.27758 0.00000
154.45000 0.09253 0.09388
154.55000 0.09253 0.00000
154.65000 0.00000 0.00000
154.75000 0.09253 0.00000
154.85000 0.09253 0.09388
154.95000 0.00000 0.09388
155.05000 0.00000 0.18775
155.15000 0.00000 0.00000
155.25000 0.18505 0.18775
155.35000 0.00000 0.00000
155.45000 0.00000 0.00000
155.55000 0.09253 0.09388
155.65000 0.00000 0.09388
155.75000 0.00000 0.00000
155.85000 0.00000 0.09388
155.95000 0.00000 0.00000
156.05000 0.09253 0.00000
156.15000 0.00000 0.00000
156.25000 0.00000 0.00000
156.35000 0.00000 0.09388
156.45000 0.09253 0.00000
156.55000 0.09253 0.00000
156.65000 0.00000 0.18775
156.75000 0.00000 0.00000
156.85000 0.00000 0.00000
156.95000 0.09253 0.00000
157.05000 0.00000 0.00000
157.15000 0.00000 0.00000
157.25000 0.00000 0.09388
157.35000 0.00000 0.00000
157.45000 0.00000 0.00000
157.55000 0.00000 0.00000
157.65000 0.00000 0.00000
157.75000 0.00000 0.00000
157.85000 0.09253 0.00000
157.95000 0.00000 0.00000
158.05000 0.00000 0.00000
158.15000 0.00000 0.00000
158.25000 0.00000 0.00000
158.35000 0.09253 0.00000
158.45000 0.00000 0.00000
158.55000 0.09253 0.00000
158.65000 0.00000 0.00000
158.75000 0.00000 0.00000
158.85000 0.00000 0.00000
158.95000 0.00000 0.00000
159.05000 0.00000 0.00000
159.15000 0.00000 0.09388
159.25000 0.09253 0.00000
159.35000 0.00000 0.00000
159.45000 0.00000 0.09388
159.55000 0.18505 0.09388
159.65000 0.00000 0.00000
159.75000 0.00000 0.09388
159.85000 0.00000 0.00000
159.95000 0.00000 0.09388
160.05000 0.09253 0.00000
160.15000 0.00000 0.18775
160.25000 0.00000 0.09388
160.35000 0.00000 0.18775
160.45000 0.09253 0.09388
160.55000 0.18505 0.09388
160.65000 0.37011 0.00000
160.75000 0.09253 0.28163
160.85000 0.18505 0.09388
160.95000 0.27758 0.28163
161.05000 0.55516 0.28163
161.15000 0.46263 0.09388
161.25000 0.09253 0.28163
161.35000 0.27758 0.18775
161.45000 0.55516 0.09388
161.55000 0.27758 0.28163
161.65000 0.18505 0.18775
161.75000 0.55516 0.28163
161.85000 0.83274 0.37550
161.95000 1.01779 0.37550
162.05000 1.11032 0.65713
162.15000 0.37011 0.28163
162.25000 0.64769 0.56325
162.35000 0.83274 0.65713
162.45000 0.74021 0.37550
162.55000 1.11032 0.56325