-168.25 0.000 0.000
-168.15 0.000 0.000
-168.05 0.000 0.000
-167.95 0.000 0.000
-167.85 0.000 0.000
-167.75 0.000 0.00383
-167.65 0.00387 0.000
-167.55 0.000 0.000
-167.45 0.000 0.000
-167.35 0.000 0.000
-167.25 0.00387 0.000
-167.15 0.00387 0.000
-167.05 0.00387 0.00383
-166.95 0.000 0.000
-166.85 0.000 0.00383
-166.75 0.000 0.000
-166.65 0.00387 0.000
-166.55 0.00387 0.00766
-166.45 0.000 0.000
-166.35 0.00387 0.00383
-166.25 0.000 0.00383
-166.15 0.00387 0.000
-166.05 0.00387 0.00383
-165.95 0.000 0.00383
-165.85 0.00387 0.00383
-165.75 0.000 0.000
-165.65 0.000 0.000
-165.55 0.000 0.00383
-165.45 0.00387 0.000
-165.35 0.00774 0.00383
-165.25 0.00387 0.00766
-165.15 0.01548 0.000
-165.05 0.000 0.00383
-164.95 0.000 0.00383
-164.85 0.000 0.00383
-164.75 0.000 0.000
-164.65 0.00387 0.00383
-164.55 0.00774 0.000
-164.45 0.00774 0.000
-164.35 0.00387 0.00766
-164.25 0.01548 0.01149
-164.15 0.00387 0.00766
-164.05 0.01161 0.01915
-163.95 0.01161 0.000
-163.85 0.00774 0.01532
-163.75 0.01161 0.01149
-163.65 0.02709 0.00766
-163.55 0.01161 0.00766
-163.45 0.01548 0.00766
-163.35 0.00774 0.00383
-163.25 0.00774 0.01532
-163.15 0.01548 0.01532
-163.05 0.02322 0.03447
-162.95 0.02709 0.01915
-162.85 0.01161 0.01149
-162.75 0.01935 0.03447
-162.65 0.02709 0.03064
-162.55 0.01935 0.0383
-162.45 0.04257 0.01149
-162.35 0.02322 0.02681
-162.25 0.02709 0.02681
-162.15 0.04644 0.01915
-162.05 0.02322 0.01149
-161.95 0.03096 0.04595
-161.85 0.01548 0.01915
-161.75 0.03096 0.01915
-161.65 0.02709 0.03064
-161.55 0.06192 0.02298
-161.45 0.03483 0.02298
-161.35 0.01548 0.01915
-161.25 0.02709 0.01915
-161.15 0.01161 0.00766
-161.05 0.02709 0.01915
-160.95 0.01935 0.02298
-160.85 0.02322 0.01149
-160.75 0.01935 0.02681
-160.65 0.02322 0.01149
-160.55 0.00774 0.01915
-160.45 0.00774 0.01915
-160.35 0.00774 0.00766
-160.25 0.00387 0.00383
-160.15 0.00387 0.00766
-160.05 0.00774 0.00766
-159.95 0.01161 0.00766
-159.85 0.00774 0.01915
-159.75 0.00774 0.00383
-159.65 0.00774 0.02298
-159.55 0.000 0.00383
-159.45 0.01548 0.00766
-159.35 0.00387 0.01149
-159.25 0.01548 0.00766
-159.15 0.000 0.00383
-159.05 0.00387 0.00766
-158.95 0.000 0.000
-158.85 0.000 0.00766
-158.75 0.00387 0.00766
-158.65 0.00774 0.00766
-158.55 0.00387 0.00766
-158.45 0.00387 0.000
-158.35 0.000 0.00766
-158.25 0.000 0.00766
-158.15 0.000 0.000
-158.05 0.00387 0.000
-157.95 0.00387 0.00383
-157.85 0.00774 0.00383
-157.75 0.00387 0.000
-157.65 0.00774 0.000
-157.55 0.000 0.01532
-157.45 0.000 0.00766
-157.35 0.00387 0.000
-157.25 0.000 0.000
-157.15 0.000 0.000
-157.05 0.000 0.00383
-156.95 0.000 0.000
-156.85 0.000 0.00383
-156.75 0.000 0.000
-156.65 0.000 0.00766
-156.55 0.000 0.00383
-156.45 0.000 0.000
-156.35 0.00774 0.00383
-156.25 0.00774 0.000
-156.15 0.000 0.000
-156.05 0.000 0.000
-155.95 0.00774 0.000
-155.85 0.000 0.00383
-155.75 0.000 0.000
-155.65 0.000 0.000
-155.55 0.000 0.000
-155.45 0.000 0.000
-155.35 0.000 0.00383
-155.25 0.000 0.00383
-155.15 0.00387 0.000
-155.05 0.000 0.000
-154.95 0.000 0.000
-154.85 0.000 0.000
-154.75 0.00387 0.000
-154.65 0.000 0.000
-154.55 0.000 0.000
-154.45 0.000 0.00383
-154.35 0.00774 0.000
-154.25 0.00387 0.00383
-154.15 0.00774 0.00383
-154.05 0.00387 0.00383
-153.95 0.00387 0.000
-153.85 0.000 0.000
-153.75 0.00387 0.000
-153.65 0.000 0.000
-153.55 0.00387 0.000
-153.45 0.000 0.00383
-153.35 0.000 0.000
-153.25 0.000 0.00766
-153.15 0.000 0.000
-153.05 0.00387 0.000
-152.95 0.000 0.000
-152.85 0.00387 0.00766
-152.75 0.00387 0.00383
-152.65 0.00387 0.00383
-152.55 0.00387 0.000
-152.45 0.00774 0.00383
-152.35 0.000 0.00766
-152.25 0.000 0.000
-152.15 0.000 0.00383
-152.05 0.00387 0.00766
-151.95 0.00774 0.00383
-151.85 0.000 0.00383
-151.75 0.00774 0.01532
-151.65 0.01935 0.000
-151.55 0.00774 0.00766
-151.45 0.01161 0.01149
-151.35 0.01935 0.00766
-151.25 0.00387 0.01149
-151.15 0.03483 0.00766
-151.05 0.01548 0.01149
-150.95 0.00774 0.01149
-150.85 0.01548 0.02681
-150.75 0.01935 0.00766
-150.65 0.03096 0.01532
-150.55 0.01161 0.00383
-150.45 0.00774 0.01915
-150.35 0.03096 0.01915
-150.25 0.00387 0.01915
-150.15 0.01935 0.03064
-150.05 0.01161 0.02681
-149.95 0.03096 0.02681
-149.85 0.03483 0.0383
-149.75 0.03096 0.01915
-149.65 0.01935 0.03064
-149.55 0.02709 0.03447
-149.45 0.01161 0.01149
-149.35 0.01161 0.0383
-149.25 0.0387  0.01532
-149.15 0.02709 0.03447
-149.05 0.01935 0.01915
-148.95 0.01548 0.00383
-148.85 0.00774 0.00766
-148.75 0.00774 0.01915
-148.65 0.01161 0.00766
-148.55 0.01548 0.01149
-148.45 0.01548 0.02298
-148.35 0.03483 0.01915
-148.25 0.01935 0.00766
-148.15 0.00774 0.00766
-148.05 0.01161 0.01915
-147.95 0.01548 0.01149
-147.85 0.01161 0.01532
-147.75 0.01161 0.00766
-147.65 0.01161 0.02298
-147.55 0.00387 0.00766
-147.45 0.00774 0.01532
-147.35 0.00387 0.00766
-147.25 0.01161 0.01532
-147.15 0.00387 0.00766
-147.05 0.00387 0.00766
-146.95 0.00774 0.01532
-146.85 0.00774 0.01149
-146.75 0.01161 0.00383
-146.65 0.00387 0.000
-146.55 0.000 0.00383
-146.45 0.00774 0.00383
-146.35 0.00387 0.00766
-146.25 0.000 0.000
-146.15 0.00387 0.00766
-146.05 0.00387 0.00383
-145.95 0.00387 0.00383
-145.85 0.000 0.000
-145.75 0.01161 0.00766
-145.65 0.00387 0.000
-145.55 0.00774 0.00766
-145.45 0.000 0.00766
-145.35 0.00387 0.000
-145.25 0.000 0.000
-145.15 0.000 0.000
-145.05 0.00774 0.00383
-144.95 0.00387 0.00383
-144.85 0.000 0.000
-144.75 0.00774 0.000
-144.65 0.00387 0.000
-144.55 0.00774 0.00383
-144.45 0.000 0.000
-144.35 0.000 0.000
-144.25 0.000 0.000
-144.15 0.000 0.000
-144.05 0.000 0.00383
-143.95 0.000 0.00766
-143.85 0.000 0.000
-143.75 0.00774 0.000
-143.65 0.000 0.000
-143.55 0.00774 0.000
-143.45 0.000 0.00766
-143.35 0.000 0.00766
-143.25 0.000 0.000
-143.15 0.000 0.000
-143.05 0.000 0.000
-142.95 0.000 0.000
-142.85 0.00774 0.00383
-142.75 0.000 0.00383
-142.65 0.00387 0.000
-142.55 0.000 0.00383
-142.45 0.000 0.000
-142.35 0.000 0.00383
-142.25 0.000 0.000
-142.15 0.000 0.00383
-142.05 0.00387 0.000
-141.95 0.000 0.00383
-141.85 0.000 0.000
-141.75 0.00774 0.00383
-141.65 0.000 0.000
-141.55 0.000 0.00383
-141.45 0.000 0.000
-141.35 0.000 0.00766
-141.25 0.000 0.00766
-141.15 0.00387 0.00383
-141.05 0.000 0.000
-140.95 0.000 0.000
-140.85 0.000 0.000
-140.75 0.000 0.00383
-140.65 0.00387 0.000
-140.55 0.000 0.000
-140.45 0.00774 0.000
-140.35 0.00387 0.000
-140.25 0.00387 0.00766
-140.15 0.00387 0.00766
-140.05 0.000 0.00383
-139.95 0.00387 0.00766
-139.85 0.01548 0.00766
-139.75 0.00387 0.00766
-139.65 0.00387 0.000
-139.55 0.00774 0.00766
-139.45 0.00774 0.00766
-139.35 0.01935 0.01915
-139.25 0.01935 0.000
-139.15 0.01548 0.00383
-139.05 0.01548 0.01915
-138.95 0.01161 0.00383
-138.85 0.01935 0.01149
-138.75 0.01548 0.01149
-138.65 0.02322 0.01149
-138.55 0.00387 0.01532
-138.45 0.02322 0.01915
-138.35 0.01935 0.000
-138.25 0.01161 0.00383
-138.15 0.03096 0.02681
-138.05 0.01935 0.01915
-137.95 0.02322 0.02681
-137.85 0.00387 0.01149
-137.75 0.01161 0.00383
-137.65 0.03483 0.01149
-137.55 0.02322 0.01532
-137.45 0.00387 0.01532
-137.35 0.04257 0.03447
-137.25 0.03096 0.01532
-137.15 0.01935 0.01915
-137.05 0.01935 0.01149
-136.95 0.01161 0.01915
-136.85 0.02709 0.01915
-136.75 0.01548 0.01915
-136.65 0.02322 0.02298
-136.55 0.03096 0.02681
-136.45 0.01935 0.03064
-136.35 0.01161 0.00766
-136.25 0.02322 0.01149
-136.15 0.02322 0.00766
-136.05 0.01548 0.02681
-135.95 0.01161 0.01532
-135.85 0.02322 0.01532
-135.75 0.01548 0.01149
-135.65 0.03483 0.01915
-135.55 0.01548 0.01149
-135.45 0.000 0.01532
-135.35 0.00387 0.00766
-135.25 0.00774 0.01915
-135.15 0.00774 0.00383
-135.05 0.00387 0.01532
-134.95 0.00774 0.01532
-134.85 0.01161 0.01149
-134.75 0.01161 0.00766
-134.65 0.00774 0.00383
-134.55 0.01161 0.01532
-134.45 0.01161 0.00766
-134.35 0.000 0.00383
-134.25 0.00774 0.01149
-134.15 0.000 0.01149
-134.05 0.00387 0.000
-133.95 0.00774 0.000
-133.85 0.00774 0.00766
-133.75 0.00774 0.000
-133.65 0.01161 0.000
-133.55 0.00774 0.00383
-133.45 0.00774 0.00766
-133.35 0.00387 0.00383
-133.25 0.000 0.00383
-133.15 0.000 0.000
-133.05 0.00774 0.00383
-132.95 0.01161 0.01915
-132.85 0.00387 0.00383
-132.75 0.000 0.01915
-132.65 0.000 0.000
-132.55 0.00387 0.000
-132.45 0.000 0.000
-132.35 0.00774 0.01149
-132.25 0.00387 0.00383
-132.15 0.01548 0.00383
-132.05 0.00774 0.000
-131.95 0.00387 0.000
-131.85 0.00387 0.00383
-131.75 0.000 0.000
-131.65 0.000 0.000
-131.55 0.000 0.000
-131.45 0.000 0.00383
-131.35 0.00387 0.000
-131.25 0.000 0.00383
-131.15 0.00387 0.00383
-131.05 0.000 0.000
-130.95 0.000 0.000
-130.85 0.000 0.000
-130.75 0.000 0.000
-130.65 0.000 0.000
-130.55 0.000 0.000
-130.45 0.000 0.000
-130.35 0.000 0.000
-130.25 0.00387 0.000
-130.15 0.000 0.000
-130.05 0.000 0.000
-129.95 0.000 0.000
-129.85 0.000 0.000
-129.75 0.000 0.000
-129.65 0.00774 0.000
-129.55 0.00387 0.00383
-129.45 0.000 0.000
-129.35 0.000 0.000
-129.25 0.000 0.00766
-129.15 0.000 0.000
-129.05 0.000 0.000
-128.95 0.000 0.000
-128.85 0.000 0.00383
-128.75 0.000 0.00766
-128.65 0.000 0.000
-128.55 0.000 0.00383
-128.45 0.000 0.000
-128.35 0.00387 0.000
-128.25 0.000 0.01149
-128.15 0.000 0.00383
-128.05 0.000 0.00383
-127.95 0.00387 0.000
-127.85 0.000 0.000
-127.75 0.000 0.000
-127.65 0.00387 0.000
-127.55 0.000 0.000
-127.45 0.00387 0.000
-127.35 0.00774 0.00383
-127.25 0.000 0.00383
-127.15 0.000 0.00383
-127.05 0.00387 0.000
-126.95 0.00774 0.00383
-126.85 0.00387 0.000
-126.75 0.00774 0.00766
-126.65 0.00387 0.01532
-126.55 0.000 0.01149
-126.45 0.01548 0.00383
-126.35 0.01161 0.01532
-126.25 0.02709 0.00766
-126.15 0.00774 0.01149
-126.05 0.01161 0.01532
-125.95 0.02322 0.01149
-125.85 0.00387 0.000
-125.75 0.01935 0.00766
-125.65 0.00774 0.00383
-125.55 0.03096 0.02681
-125.45 0.01548 0.02298
-125.35 0.03096 0.01149
-125.25 0.01935 0.0383
-125.15 0.02322 0.02298
-125.05 0.01161 0.03447
-124.95 0.01161 0.02298
-124.85 0.03096 0.01915
-124.75 0.02322 0.01915
-124.65 0.01548 0.03447
-124.55 0.02322 0.02298
-124.45 0.02322 0.01149
-124.35 0.0387  0.01915
-124.25 0.03096 0.01532
-124.15 0.01548 0.03064
-124.05 0.01548 0.03064
-123.95 0.02322 0.04212
-123.85 0.02322 0.00766
-123.75 0.01548 0.02681
-123.65 0.04257 0.02681
-123.55 0.00387 0.03064
-123.45 0.00387 0.03447
-123.35 0.01935 0.01915
-123.25 0.00774 0.0383
-123.15 0.01548 0.01532
-123.05 0.01935 0.01915
-122.95 0.03483 0.00766
-122.85 0.01161 0.01149
-122.75 0.01161 0.000
-122.65 0.00387 0.00766
-122.55 0.00387 0.00383
-122.45 0.00387 0.000
-122.35 0.00774 0.000
-122.25 0.00387 0.01149
-122.15 0.01161 0.00766
-122.05 0.01935 0.000
-121.95 0.01161 0.00766
-121.85 0.01161 0.01532
-121.75 0.01161 0.01532
-121.65 0.01161 0.00383
-121.55 0.00387 0.000
-121.45 0.00774 0.00766
-121.35 0.00387 0.00766
-121.25 0.00387 0.000
-121.15 0.00387 0.000
-121.05 0.00774 0.00383
-120.95 0.01161 0.01915
-120.85 0.000 0.000
-120.75 0.00387 0.000
-120.65 0.00387 0.00383
-120.55 0.00387 0.000
-120.45 0.00774 0.00383
-120.35 0.000 0.000
-120.25 0.000 0.000
-120.15 0.000 0.00383
-120.05 0.000 0.00766
-119.95 0.000 0.000
-119.85 0.000 0.00383
-119.75 0.00387 0.000
-119.65 0.000 0.00766
-119.55 0.000 0.01149
-119.45 0.00387 0.00766
-119.35 0.000 0.00383
-119.25 0.000 0.000
-119.15 0.000 0.000
-119.05 0.000 0.000
-118.95 0.000 0.00383
-118.85 0.000 0.000
-118.75 0.000 0.00383
-118.65 0.000 0.000
-118.55 0.000 0.000
-118.45 0.00387 0.000
-118.35 0.000 0.00383
-118.25 0.00774 0.000
-118.15 0.00774 0.000
-118.05 0.000 0.000
-117.95 0.000 0.000
-117.85 0.000 0.000
-117.75 0.00387 0.000
-117.65 0.000 0.000
-117.55 0.000 0.00383
-117.45 0.000 0.000
-117.35 0.000 0.000
-117.25 0.000 0.000
-117.15 0.000 0.000
-117.05 0.00387 0.000
-116.95 0.000 0.00383
-116.85 0.000 0.00383
-116.75 0.000 0.000
-116.65 0.000 0.000
-116.55 0.000 0.00383
-116.45 0.000 0.000
-116.35 0.000 0.00766
-116.25 0.00387 0.000
-116.15 0.000 0.000
-116.05 0.000 0.000
-115.95 0.00387 0.000
-115.85 0.000 0.000
-115.75 0.00774 0.000
-115.65 0.000 0.00383
-115.55 0.00774 0.000
-115.45 0.000 0.00383
-115.35 0.00387 0.000
-115.25 0.000 0.000
-115.15 0.000 0.00383
-115.05 0.00387 0.00383
-114.95 0.01161 0.000
-114.85 0.00774 0.000
-114.75 0.01548 0.01532
-114.65 0.00387 0.00383
-114.55 0.01548 0.01149
-114.45 0.00387 0.01149
-114.35 0.000 0.000
-114.25 0.000 0.00766
-114.15 0.000 0.00383
-114.05 0.00774 0.01532
-113.95 0.00387 0.00766
-113.85 0.00774 0.00766
-113.75 0.01161 0.01915
-113.65 0.01161 0.02298
-113.55 0.01935 0.00766
-113.45 0.0387  0.02298
-113.35 0.01548 0.000
-113.25 0.01548 0.01532
-113.15 0.02709 0.02298
-113.05 0.03096 0.01149
-112.95 0.03096 0.01532
-112.85 0.01161 0.02681
-112.75 0.01161 0.03064
-112.65 0.01935 0.01915
-112.55 0.02322 0.01149
-112.45 0.01935 0.02681
-112.35 0.0387  0.01915
-112.25 0.02322 0.02681
-112.15 0.02322 0.01532
-112.05 0.01935 0.04595
-111.95 0.05418 0.00383
-111.85 0.01548 0.03447
-111.75 0.02322 0.02681
-111.65 0.01935 0.01532
-111.55 0.03096 0.02298
-111.45 0.01935 0.02681
-111.35 0.00774 0.01915
-111.25 0.02709 0.01532
-111.15 0.01935 0.03064
-111.05 0.02322 0.00383
-110.95 0.04644 0.00383
-110.85 0.01935 0.01532
-110.75 0.01548 0.02298
-110.65 0.01161 0.01149
-110.55 0.00774 0.02298
-110.45 0.00387 0.01532
-110.35 0.01161 0.00766
-110.25 0.00387 0.00766
-110.15 0.01548 0.00766
-110.05 0.01161 0.00766
-109.95 0.00774 0.01532
-109.85 0.01548 0.00383
-109.75 0.01548 0.00766
-109.65 0.00774 0.01149
-109.55 0.00387 0.00766
-109.45 0.000 0.00383
-109.35 0.00387 0.01149
-109.25 0.00774 0.00383
-109.15 0.01161 0.00766
-109.05 0.00774 0.000
-108.95 0.00387 0.00383
-108.85 0.00387 0.00383
-108.75 0.00387 0.00766
-108.65 0.00774 0.00383
-108.55 0.000 0.00383
-108.45 0.00774 0.00383
-108.35 0.000 0.00766
-108.25 0.00387 0.000
-108.15 0.00387 0.00383
-108.05 0.00774 0.00766
-107.95 0.000 0.00383
-107.85 0.000 0.00383
-107.75 0.000 0.000
-107.65 0.00387 0.00383
-107.55 0.00774 0.00766
-107.45 0.000 0.00383
-107.35 0.00387 0.00383
-107.25 0.00774 0.000
-107.15 0.00387 0.000
-107.05 0.00387 0.000
-106.95 0.00387 0.000
-106.85 0.00387 0.00383
-106.75 0.00387 0.00383
-106.65 0.00387 0.00383
-106.55 0.000 0.00766
-106.45 0.000 0.000
-106.35 0.000 0.000
-106.25 0.000 0.000
-106.15 0.00774 0.000
-106.05 0.000 0.00383
-105.95 0.000 0.00383
-105.85 0.000 0.000
-105.75 0.00387 0.000
-105.65 0.00387 0.000
-105.55 0.00387 0.00383
-105.45 0.000 0.000
-105.35 0.00387 0.000
-105.25 0.00387 0.00383
-105.15 0.00387 0.000
-105.05 0.000 0.000
-104.95 0.000 0.00383
-104.85 0.00387 0.000
-104.75 0.000 0.000
-104.65 0.000 0.000
-104.55 0.00387 0.000
-104.45 0.00387 0.00383
-104.35 0.000 0.00766
-104.25 0.000 0.00383
-104.15 0.000 0.00383
-104.05 0.00387 0.000
-103.95 0.000 0.000
-103.85 0.000 0.00383
-103.75 0.000 0.000
-103.65 0.000 0.000
-103.55 0.01161 0.000
-103.45 0.00387 0.000
-103.35 0.000 0.000
-103.25 0.000 0.00383
-103.15 0.000 0.000
-103.05 0.00387 0.000
-102.95 0.00387 0.00383
-102.85 0.000 0.00383
-102.75 0.00774 0.00766
-102.65 0.000 0.00383
-102.55 0.00387 0.00383
-102.45 0.00387 0.00383
-102.35 0.000 0.01149
-102.25 0.00387 0.01149
-102.15 0.00774 0.00383
-102.05 0.01548 0.000
-101.95 0.000 0.00383
-101.85 0.01161 0.000
-101.75 0.000 0.00383
-101.65 0.00774 0.02298
-101.55 0.00387 0.01149
-101.45 0.00387 0.01149
-101.35 0.01935 0.00383
-101.25 0.00387 0.000
-101.15 0.02709 0.00766
-101.05 0.01548 0.00766
-100.95 0.00774 0.01532
-100.85 0.02322 0.02298
-100.75 0.01548 0.00766
-100.65 0.01548 0.00766
-100.55 0.01548 0.01149
-100.45 0.02322 0.01532
-100.35 0.02322 0.02681
-100.25 0.01161 0.01532
-100.15 0.0387  0.03064
-100.05 0.02322 0.02681
-99.95  0.01548 0.00766
-99.85  0.03483 0.01915
-99.75  0.02322 0.01149
-99.65  0.01935 0.01915
-99.55  0.03096 0.01915
-99.45  0.01935 0.03064
-99.35  0.01548 0.02681
-99.25  0.01548 0.03447
-99.15  0.01935 0.03064
-99.05  0.02709 0.02298
-98.95  0.01548 0.01915
-98.85  0.03096 0.04595
-98.75  0.01548 0.03064
-98.65  0.01935 0.01532
-98.55  0.02322 0.02298
-98.45  0.01935 0.01532
-98.35  0.02709 0.02298
-98.25  0.00774 0.01915
-98.15  0.01548 0.03064
-98.05  0.00387 0.00766
-97.95  0.000 0.00766
-97.85  0.01161 0.01532
-97.75  0.01935 0.000
-97.65  0.02322 0.00383
-97.55  0.01935 0.01915
-97.45  0.000 0.00766
-97.35  0.01161 0.01149
-97.25  0.01161 0.00766
-97.15  0.01548 0.000
-97.05  0.000 0.02298
-96.95  0.00387 0.01532
-96.85  0.00387 0.01149
-96.75  0.000 0.01149
-96.65  0.00774 0.01915
-96.55  0.000 0.00766
-96.45  0.00774 0.01149
-96.35  0.00774 0.00383
-96.25  0.000 0.01149
-96.15  0.01548 0.01532
-96.05  0.00387 0.01149
-95.95  0.00774 0.000
-95.85  0.00387 0.000
-95.75  0.000 0.00766
-95.65  0.01161 0.01149
-95.55  0.000 0.000
-95.45  0.000 0.000
-95.35  0.00387 0.000
-95.25  0.000 0.00383
-95.15  0.00387 0.00766
-95.05  0.00387 0.00766
-94.95  0.00774 0.00766
-94.85  0.000 0.00383
-94.75  0.000 0.000
-94.65  0.00387 0.000
-94.55  0.000 0.000
-94.45  0.00387 0.000
-94.35  0.000 0.000
-94.25  0.000 0.000
-94.15  0.00387 0.000
-94.05  0.00387 0.00383
-93.95  0.000 0.000
-93.85  0.000 0.00766
-93.75  0.00387 0.000
-93.65  0.00387 0.00383
-93.55  0.000 0.00383
-93.45  0.000 0.000
-93.35  0.000 0.000
-93.25  0.00387 0.000
-93.15  0.000 0.000
-93.05  0.000 0.000
-92.95  0.00387 0.000
-92.85  0.00774 0.00766
-92.75  0.000 0.00383
-92.65  0.000 0.000
-92.55  0.000 0.000
-92.45  0.000 0.000
-92.35  0.000 0.000
-92.25  0.000 0.00383
-92.15  0.000 0.000
-92.05  0.000 0.000
-91.95  0.000 0.000
-91.85  0.000 0.000
-91.75  0.000 0.000
-91.65  0.00387 0.000
-91.55  0.00387 0.000
-91.45  0.00774 0.00383
-91.35  0.000 0.00383
-91.25  0.000 0.000
-91.15  0.00774 0.00383
-91.05  0.00387 0.00766
-90.95  0.00387 0.000
-90.85  0.00387 0.00383
-90.75  0.00774 0.00383
-90.65  0.000 0.000
-90.55  0.00387 0.000
-90.45  0.00387 0.000
-90.35  0.00387 0.00766
-90.25  0.00774 0.00383
-90.15  0.00774 0.000
-90.05  0.000 0.000
-89.95  0.00774 0.00383
-89.85  0.00774 0.00383
-89.75  0.000 0.000
-89.65  0.000 0.000
-89.55  0.00774 0.00766
-89.45  0.00387 0.00766
-89.35  0.00387 0.01149
-89.25  0.00387 0.00766
-89.15  0.00387 0.00383
-89.05  0.00774 0.00383
-88.95  0.00387 0.01149
-88.85  0.00774 0.01532
-88.75  0.00774 0.00766
-88.65  0.01935 0.01149
-88.55  0.00774 0.01532
-88.45  0.01161 0.00766
-88.35  0.01935 0.01532
-88.25  0.01548 0.02298
-88.15  0.01161 0.02298
-88.05  0.02709 0.01532
-87.95  0.03483 0.01149
-87.85  0.03483 0.01532
-87.75  0.01935 0.01915
-87.65  0.03096 0.02681
-87.55  0.01161 0.03064
-87.45  0.01548 0.03064
-87.35  0.01935 0.03064
-87.25  0.01548 0.02298
-87.15  0.01548 0.03447
-87.05  0.01548 0.03064
-86.95  0.00387 0.03064
-86.85  0.02322 0.02298
-86.75  0.01161 0.03064
-86.65  0.02709 0.01915
-86.55  0.03096 0.01532
-86.45  0.00774 0.01915
-86.35  0.01935 0.01915
-86.25  0.03096 0.01149
-86.15  0.01935 0.01915
-86.05  0.01935 0.01915
-85.95  0.01548 0.00766
-85.85  0.01548 0.00766
-85.75  0.02709 0.01915
-85.65  0.02322 0.01149
-85.55  0.00774 0.01149
-85.45  0.000 0.00383
-85.35  0.01548 0.00766
-85.25  0.00774 0.00766
-85.15  0.000 0.01149
-85.05  0.01161 0.01149
-84.95  0.00774 0.01532
-84.85  0.00774 0.00766
-84.75  0.00774 0.01149
-84.65  0.00387 0.01149
-84.55  0.000 0.01149
-84.45  0.00774 0.01149
-84.35  0.00387 0.01149
-84.25  0.00387 0.01532
-84.15  0.000 0.000
-84.05  0.00387 0.00766
-83.95  0.000 0.00383
-83.85  0.00387 0.01149
-83.75  0.01161 0.00383
-83.65  0.00387 0.00766
-83.55  0.00387 0.000
-83.45  0.00774 0.000
-83.35  0.000 0.00383
-83.25  0.01161 0.01915
-83.15  0.000 0.000
-83.05  0.000 0.00383
-82.95  0.000 0.00383
-82.85  0.000 0.000
-82.75  0.00774 0.000
-82.65  0.00387 0.00766
-82.55  0.000 0.000
-82.45  0.00387 0.000
-82.35  0.00387 0.000
-82.25  0.000 0.00383
-82.15  0.00387 0.000
-82.05  0.00774 0.000
-81.95  0.00774 0.000
-81.85  0.00387 0.000
-81.75  0.000 0.000
-81.65  0.00387 0.01149
-81.55  0.000 0.000
-81.45  0.000 0.00383
-81.35  0.000 0.000
-81.25  0.000 0.000
-81.15  0.000 0.000
-81.05  0.000 0.000
-80.95  0.000 0.000
-80.85  0.000 0.00383
-80.75  0.000 0.000
-80.65  0.000 0.00383
-80.55  0.000 0.000
-80.45  0.00387 0.000
-80.35  0.00387 0.000
-80.25  0.000 0.000
-80.15  0.00774 0.000
-80.05  0.000 0.000
-79.95  0.00387 0.000
-79.85  0.00387 0.000
-79.75  0.000 0.00383
-79.65  0.000 0.00383
-79.55  0.000 0.00766
-79.45  0.000 0.00383
-79.35  0.00387 0.00383
-79.25  0.000 0.000
-79.15  0.000 0.000
-79.05  0.000 0.000
-78.95  0.000 0.000
-78.85  0.00774 0.000
-78.75  0.000 0.000
-78.65  0.000 0.000
-78.55  0.000 0.000
-78.45  0.000 0.000
-78.35  0.000 0.000
-78.25  0.00387 0.00383
-78.15  0.01161 0.000
-78.05  0.00387 0.000
-77.95  0.00774 0.00383
-77.85  0.000 0.000
-77.75  0.00387 0.00383
-77.65  0.000 0.00383
-77.55  0.00387 0.000
-77.45  0.000 0.000
-77.35  0.000 0.01149
-77.25  0.00774 0.00383
-77.15  0.000 0.000
-77.05  0.00387 0.00383
-76.95  0.00774 0.00383
-76.85  0.00387 0.01149
-76.75  0.01161 0.00383
-76.65  0.00387 0.00383
-76.55  0.000 0.00383
-76.45  0.00387 0.00383
-76.35  0.01548 0.000
-76.25  0.01548 0.00766
-76.15  0.02322 0.00766
-76.05  0.01161 0.01149
-75.95  0.01548 0.01532
-75.85  0.00774 0.01915
-75.75  0.01935 0.01915
-75.65  0.01548 0.01532
-75.55  0.02709 0.03447
-75.45  0.00387 0.01532
-75.35  0.02322 0.02681
-75.25  0.01935 0.02298
-75.15  0.01161 0.03064
-75.05  0.01548 0.03064
-74.95  0.02322 0.01532
-74.85  0.02322 0.02681
-74.75  0.01161 0.01915
-74.65  0.03096 0.04595
-74.55  0.03096 0.03064
-74.45  0.01548 0.01532
-74.35  0.01548 0.01915
-74.25  0.01935 0.00766
-74.15  0.02322 0.03064
-74.05  0.01548 0.03064
-73.95  0.01161 0.04595
-73.85  0.02709 0.01915
-73.75  0.0387  0.01915
-73.65  0.00387 0.02298
-73.55  0.00774 0.01149
-73.45  0.00774 0.01149
-73.35  0.01161 0.01915
-73.25  0.01161 0.00766
-73.15  0.00774 0.01915
-73.05  0.01161 0.01532
-72.95  0.01935 0.00766
-72.85  0.01935 0.01915
-72.75  0.00774 0.02298
-72.65  0.00774 0.01915
-72.55  0.00774 0.00383
-72.45  0.01161 0.00766
-72.35  0.00387 0.00383
-72.25  0.01161 0.00383
-72.15  0.00387 0.000
-72.05  0.01161 0.01532
-71.95  0.000 0.01532
-71.85  0.00387 0.00383
-71.75  0.00774 0.00383
-71.65  0.00774 0.01915
-71.55  0.00774 0.00383
-71.45  0.00387 0.000
-71.35  0.00387 0.00766
-71.25  0.01548 0.000
-71.15  0.01161 0.00766
-71.05  0.000 0.00383
-70.95  0.00387 0.00383
-70.85  0.01548 0.000
-70.75  0.00387 0.01149
-70.65  0.000 0.00383
-70.55  0.00387 0.000
-70.45  0.00774 0.00383
-70.35  0.00387 0.00766
-70.25  0.000 0.00383
-70.15  0.000 0.00766
-70.05  0.000 0.00766
-69.95  0.000 0.000
-69.85  0.00387 0.00383
-69.75  0.000 0.000
-69.65  0.000 0.00383
-69.55  0.000 0.000
-69.45  0.00387 0.00766
-69.35  0.00387 0.000
-69.25  0.000 0.00383
-69.15  0.000 0.000
-69.05  0.000 0.00383
-68.95  0.000 0.000
-68.85  0.000 0.000
-68.75  0.00387 0.000
-68.65  0.00774 0.000
-68.55  0.000 0.00383
-68.45  0.000 0.00383
-68.35  0.000 0.000
-68.25  0.000 0.000
-68.15  0.000 0.000
-68.05  0.000 0.00383
-67.95  0.000 0.000
-67.85  0.00387 0.00383
-67.75  0.000 0.000
-67.65  0.00774 0.00383
-67.55  0.000 0.00383
-67.45  0.000 0.00383
-67.35  0.00387 0.000
-67.25  0.00387 0.000
-67.15  0.000 0.01149
-67.05  0.000 0.00383
-66.95  0.000 0.000
-66.85  0.000 0.000
-66.75  0.000 0.000
-66.65  0.000 0.000
-66.55  0.000 0.000
-66.45  0.000 0.00766
-66.35  0.000 0.00766
-66.25  0.00387 0.000
-66.15  0.000 0.000
-66.05  0.000 0.000
-65.95  0.000 0.000
-65.85  0.000 0.000
-65.75  0.00774 0.000
-65.65  0.000 0.00766
-65.55  0.000 0.000
-65.45  0.00387 0.00383
-65.35  0.01935 0.01149
-65.25  0.000 0.00383
-65.15  0.000 0.000
-65.05  0.000 0.000
-64.95  0.00387 0.00766
-64.85  0.000 0.00383
-64.75  0.00774 0.00383
-64.65  0.00387 0.00383
-64.55  0.000 0.01149
-64.45  0.00774 0.00383
-64.35  0.000 0.00766
-64.25  0.00774 0.000
-64.15  0.00774 0.00766
-64.05  0.01161 0.000
-63.95  0.000 0.00383
-63.85  0.01548 0.01149
-63.75  0.01935 0.00383
-63.65  0.03096 0.00766
-63.55  0.01935 0.00383
-63.45  0.01161 0.01149
-63.35  0.01548 0.00383
-63.25  0.01548 0.02298
-63.15  0.01548 0.01149
-63.05  0.01548 0.02298
-62.95  0.03096 0.00766
-62.85  0.0387  0.01532
-62.75  0.03096 0.00383
-62.65  0.05418 0.01915
-62.55  0.02322 0.0383
-62.45  0.02709 0.01149
-62.35  0.01935 0.01149
-62.25  0.03483 0.01149
-62.15  0.00387 0.02298
-62.05  0.02322 0.02681
-61.95  0.03096 0.01532
-61.85  0.02322 0.02681
-61.75  0.01548 0.03064
-61.65  0.01161 0.01149
-61.55  0.01161 0.03447
-61.45  0.01548 0.02298
-61.35  0.02322 0.01532
-61.25  0.02322 0.02681
-61.15  0.01161 0.03447
-61.05  0.01161 0.00383
-60.95  0.01161 0.01915
-60.85  0.03096 0.000
-60.75  0.01161 0.00766
-60.65  0.02709 0.00766
-60.55  0.01161 0.00766
-60.45  0.02709 0.00383
-60.35  0.02709 0.000
-60.25  0.01161 0.00383
-60.15  0.00774 0.01532
-60.05  0.01161 0.00766
-59.95  0.00387 0.01532
-59.85  0.00774 0.00383
-59.75  0.01935 0.01149
-59.65  0.00387 0.00383
-59.55  0.00774 0.00383
-59.45  0.00774 0.000
-59.35  0.00774 0.00766
-59.25  0.00774 0.000
-59.15  0.01935 0.01149
-59.05  0.00387 0.00766
-58.95  0.00774 0.01149
-58.85  0.00387 0.000
-58.75  0.00774 0.00383
-58.65  0.01161 0.00383
-58.55  0.000 0.00766
-58.45  0.01161 0.000
-58.35  0.000 0.000
-58.25  0.000 0.000
-58.15  0.000 0.000
-58.05  0.00387 0.00766
-57.95  0.00387 0.00383
-57.85  0.00774 0.000
-57.75  0.000 0.000
-57.65  0.00774 0.000
-57.55  0.00774 0.00383
-57.45  0.000 0.000
-57.35  0.00387 0.000
-57.25  0.000 0.00766
-57.15  0.000 0.00766
-57.05  0.000 0.00383
-56.95  0.000 0.000
-56.85  0.000 0.000
-56.75  0.000 0.000
-56.65  0.000 0.00766
-56.55  0.00387 0.000
-56.45  0.00387 0.000
-56.35  0.000 0.000
-56.25  0.00387 0.00766
-56.15  0.000 0.000
-56.05  0.000 0.00383
-55.95  0.000 0.00383
-55.85  0.000 0.000
-55.75  0.000 0.00383
-55.65  0.000 0.000
-55.55  0.000 0.000
-55.45  0.00387 0.000
-55.35  0.00387 0.000
-55.25  0.00387 0.000
-55.15  0.000 0.000
-55.05  0.000 0.000
-54.95  0.000 0.000
-54.85  0.000 0.000
-54.75  0.000 0.000
-54.65  0.000 0.00383
-54.55  0.000 0.000
-54.45  0.000 0.00383
-54.35  0.000 0.000
-54.25  0.000 0.000
-54.15  0.00387 0.000
-54.05  0.000 0.000
-53.95  0.00387 0.00383
-53.85  0.00387 0.00383
-53.75  0.000 0.01149
-53.65  0.000 0.000
-53.55  0.000 0.000
-53.45  0.000 0.000
-53.35  0.000 0.00383
-53.25  0.00774 0.000
-53.15  0.000 0.000
-53.05  0.000 0.000
-52.95  0.00387 0.000
-52.85  0.00774 0.00383
-52.75  0.00774 0.00383
-52.65  0.00774 0.00383
-52.55  0.000 0.00383
-52.45  0.00387 0.00766
-52.35  0.000 0.00383
-52.25  0.00387 0.01532
-52.15  0.000 0.00766
-52.05  0.00774 0.01915
-51.95  0.000 0.00766
-51.85  0.000 0.000
-51.75  0.00387 0.000
-51.65  0.01161 0.00383
-51.55  0.01548 0.01532
-51.45  0.00387 0.00383
-51.35  0.00387 0.01149
-51.25  0.01161 0.02681
-51.15  0.01548 0.01532
-51.05  0.01161 0.00383
-50.95  0.01161 0.01149
-50.85  0.01935 0.01532
-50.75  0.01935 0.00766
-50.65  0.01548 0.02681
-50.55  0.00774 0.02681
-50.45  0.03483 0.0383
-50.35  0.0387  0.01915
-50.25  0.02709 0.03064
-50.15  0.0387  0.02681
-50.05  0.02709 0.01532
-49.95  0.02322 0.01915
-49.85  0.04257 0.0383
-49.75  0.02322 0.01149
-49.65  0.03483 0.02298
-49.55  0.01935 0.02298
-49.45  0.01548 0.03064
-49.35  0.03096 0.03064
-49.25  0.01935 0.03064
-49.15  0.03096 0.01149
-49.05  0.02322 0.02681
-48.95  0.03096 0.01532
-48.85  0.03096 0.00383
-48.75  0.01935 0.02681
-48.65  0.01161 0.03064
-48.55  0.01161 0.02298
-48.45  0.00774 0.03064
-48.35  0.01935 0.00383
-48.25  0.01161 0.00383
-48.15  0.01548 0.01532
-48.05  0.00774 0.00766
-47.95  0.01935 0.01915
-47.85  0.01161 0.01915
-47.75  0.00774 0.000
-47.65  0.00387 0.01915
-47.55  0.00387 0.01149
-47.45  0.00387 0.00766
-47.35  0.00774 0.01532
-47.25  0.000 0.00383
-47.15  0.02322 0.01149
-47.05  0.00387 0.00766
-46.95  0.000 0.01149
-46.85  0.00387 0.00383
-46.75  0.00774 0.00766
-46.65  0.00774 0.00383
-46.55  0.000 0.000
-46.45  0.00387 0.00766
-46.35  0.00387 0.00383
-46.25  0.00387 0.00766
-46.15  0.000 0.00766
-46.05  0.000 0.000
-45.95  0.00387 0.01149
-45.85  0.000 0.01149
-45.75  0.000 0.000
-45.65  0.01161 0.00383
-45.55  0.00774 0.00766
-45.45  0.00774 0.000
-45.35  0.00387 0.000
-45.25  0.000 0.00383
-45.15  0.000 0.00383
-45.05  0.00387 0.000
-44.95  0.00387 0.00383
-44.85  0.00387 0.00766
-44.75  0.000 0.00383
-44.65  0.000 0.00383
-44.55  0.000 0.00383
-44.45  0.000 0.00383
-44.35  0.000 0.00383
-44.25  0.000 0.00383
-44.15  0.000 0.00383
-44.05  0.000 0.000
-43.95  0.000 0.00383
-43.85  0.000 0.00383
-43.75  0.000 0.000
-43.65  0.00387 0.000
-43.55  0.000 0.000
-43.45  0.000 0.00383
-43.35  0.00387 0.000
-43.25  0.000 0.00383
-43.15  0.000 0.000
-43.05  0.000 0.000
-42.95  0.00387 0.000
-42.85  0.000 0.000
-42.75  0.000 0.000
-42.65  0.000 0.000
-42.55  0.000 0.000
-42.45  0.000 0.000
-42.35  0.000 0.000
-42.25  0.000 0.000
-42.15  0.000 0.000
-42.05  0.000 0.000
-41.95  0.000 0.00383
-41.85  0.000 0.00383
-41.75  0.00387 0.00383
-41.65  0.000 0.000
-41.55  0.00387 0.00766
-41.45  0.000 0.000
-41.35  0.00387 0.000
-41.25  0.000 0.00383
-41.15  0.00387 0.00766
-41.05  0.00387 0.00383
-40.95  0.00387 0.000
-40.85  0.00387 0.000
-40.75  0.00387 0.000
-40.65  0.000 0.00383
-40.55  0.000 0.000
-40.45  0.00387 0.000
-40.35  0.00774 0.000
-40.25  0.00774 0.000
-40.15  0.000 0.000
-40.05  0.00774 0.000
-39.95  0.00774 0.01532
-39.85  0.00387 0.00383
-39.75  0.00387 0.00766
-39.65  0.00387 0.00383
-39.55  0.01161 0.000
-39.45  0.00774 0.000
-39.35  0.00774 0.00766
-39.25  0.00774 0.01149
-39.15  0.01161 0.01149
-39.05  0.01548 0.01149
-38.95  0.00387 0.000
-38.85  0.01548 0.01532
-38.75  0.00774 0.00766
-38.65  0.00387 0.01915
-38.55  0.01161 0.01149
-38.45  0.01548 0.01149
-38.35  0.00774 0.00383
-38.25  0.01935 0.0383
-38.15  0.03096 0.02298
-38.05  0.01548 0.01915
-37.95  0.01935 0.03447
-37.85  0.00774 0.02298
-37.75  0.01548 0.01532
-37.65  0.03483 0.03447
-37.55  0.01161 0.03064
-37.45  0.00774 0.01532
-37.35  0.02322 0.0383
-37.25  0.01935 0.01915
-37.15  0.01548 0.02681
-37.05  0.01548 0.01915
-36.95  0.02322 0.01532
-36.85  0.02322 0.01149
-36.75  0.01161 0.03447
-36.65  0.02709 0.01532
-36.55  0.01548 0.01149
-36.45  0.01161 0.03064
-36.35  0.01935 0.00766
-36.25  0.000 0.01532
-36.15  0.01548 0.02298
-36.05  0.01935 0.01915
-35.95  0.00774 0.00766
-35.85  0.00774 0.01915
-35.75  0.01161 0.01915
-35.65  0.02322 0.01532
-35.55  0.01161 0.02298
-35.45  0.00774 0.02681
-35.35  0.01935 0.00766
-35.25  0.000 0.000
-35.15  0.000 0.00766
-35.05  0.00774 0.01915
-34.95  0.01161 0.00383
-34.85  0.01161 0.01149
-34.75  0.00774 0.01532
-34.65  0.00774 0.01915
-34.55  0.00387 0.01149
-34.45  0.01935 0.01915
-34.35  0.00387 0.00383
-34.25  0.01161 0.00383
-34.15  0.000 0.00383
-34.05  0.01161 0.01915
-33.95  0.00387 0.01149
-33.85  0.00387 0.000
-33.75  0.00774 0.00383
-33.65  0.00774 0.00766
-33.55  0.00774 0.00766
-33.45  0.000 0.01532
-33.35  0.00387 0.00383
-33.25  0.00387 0.00766
-33.15  0.000 0.00766
-33.05  0.00774 0.00383
-32.95  0.000 0.00383
-32.85  0.00774 0.00383
-32.75  0.00387 0.00383
-32.65  0.000 0.00383
-32.55  0.000 0.00383
-32.45  0.000 0.00383
-32.35  0.000 0.00383
-32.25  0.00387 0.000
-32.15  0.00387 0.000
-32.05  0.000 0.000
-31.95  0.00387 0.000
-31.85  0.000 0.000
-31.75  0.00387 0.00383
-31.65  0.000 0.00383
-31.55  0.000 0.000
-31.45  0.000 0.000
-31.35  0.000 0.000
-31.25  0.000 0.00383
-31.15  0.000 0.00383
-31.05  0.000 0.00766
-30.95  0.00387 0.000
-30.85  0.000 0.000
-30.75  0.00387 0.000
-30.65  0.000 0.000
-30.55  0.000 0.000
-30.45  0.000 0.000
-30.35  0.000 0.000
-30.25  0.00387 0.000
-30.15  0.000 0.00383
-30.05  0.000 0.000
-29.95  0.000 0.000
-29.85  0.000 0.000
-29.75  0.000 0.000
-29.65  0.000 0.000
-29.55  0.000 0.00383
-29.45  0.000 0.000
-29.35  0.000 0.000
-29.25  0.000 0.00766
-29.15  0.000 0.00383
-29.05  0.000 0.000
-28.95  0.000 0.000
-28.85  0.000 0.000
-28.75  0.000 0.000
-28.65  0.00387 0.000
-28.55  0.000 0.00383
-28.45  0.000 0.000
-28.35  0.000 0.00383
-28.25  0.00774 0.000
-28.15  0.00774 0.00383
-28.05  0.000 0.00383
-27.95  0.00387 0.000
-27.85  0.000 0.00383
-27.75  0.00387 0.000
-27.65  0.00387 0.000
-27.55  0.00774 0.00766
-27.45  0.000 0.00383
-27.35  0.00774 0.00383
-27.25  0.000 0.00383
-27.15  0.00387 0.000
-27.05  0.00774 0.00383
-26.95  0.00387 0.00766
-26.85  0.00774 0.000
-26.75  0.01548 0.00383
-26.65  0.00774 0.00383
-26.55  0.01161 0.01532
-26.45  0.00387 0.00383
-26.35  0.01548 0.000
-26.25  0.01161 0.00766
-26.15  0.01161 0.00383
-26.05  0.00387 0.00766
-25.95  0.01548 0.01149
-25.85  0.00774 0.01149
-25.75  0.01161 0.01532
-25.65  0.01935 0.01532
-25.55  0.01548 0.01532
-25.45  0.03483 0.03447
-25.35  0.01935 0.03064
-25.25  0.02709 0.01915
-25.15  0.01548 0.02298
-25.05  0.04257 0.04212
-24.95  0.0387  0.03064
-24.85  0.0387  0.03064
-24.75  0.02322 0.01915
-24.65  0.01935 0.01915
-24.55  0.03096 0.01532
-24.45  0.04644 0.02681
-24.35  0.03096 0.01532
-24.25  0.01548 0.02298
-24.15  0.02322 0.02298
-24.05  0.0387  0.03064
-23.95  0.01161 0.03447
-23.85  0.02322 0.00383
-23.75  0.01161 0.03064
-23.65  0.00387 0.00766
-23.55  0.01935 0.03064
-23.45  0.02322 0.00766
-23.35  0.00387 0.02681
-23.25  0.01161 0.01532
-23.15  0.01548 0.01149
-23.05  0.01548 0.00766
-22.95  0.00387 0.01915
-22.85  0.01548 0.00766
-22.75  0.01161 0.00766
-22.65  0.00774 0.01149
-22.55  0.00774 0.00766
-22.45  0.000 0.00766
-22.35  0.01548 0.00383
-22.25  0.00387 0.00766
-22.15  0.01161 0.01532
-22.05  0.00774 0.000
-21.95  0.00387 0.00766
-21.85  0.00387 0.00766
-21.75  0.000 0.01149
-21.65  0.000 0.01532
-21.55  0.000 0.00383
-21.45  0.00387 0.00383
-21.35  0.00387 0.000
-21.25  0.00387 0.00766
-21.15  0.01548 0.00383
-21.05  0.00387 0.000
-20.95  0.00387 0.01532
-20.85  0.000 0.00383
-20.75  0.00774 0.00766
-20.65  0.00387 0.000
-20.55  0.00774 0.00766
-20.45  0.00387 0.00383
-20.35  0.00387 0.000
-20.25  0.00387 0.00766
-20.15  0.02322 0.00383
-20.05  0.00774 0.00766
-19.95  0.000 0.00383
-19.85  0.000 0.00383
-19.75  0.00774 0.000
-19.65  0.00387 0.000
-19.55  0.000 0.00766
-19.45  0.000 0.000
-19.35  0.000 0.000
-19.25  0.000 0.00383
-19.15  0.000 0.000
-19.05  0.00774 0.00383
-18.95  0.000 0.000
-18.85  0.00387 0.000
-18.75  0.000 0.000
-18.65  0.000 0.000
-18.55  0.000 0.000
-18.45  0.000 0.00383
-18.35  0.000 0.000
-18.25  0.000 0.00383
-18.15  0.000 0.000
-18.05  0.000 0.000
-17.95  0.000 0.000
-17.85  0.000 0.000
-17.75  0.000 0.000
-17.65  0.000 0.000
-17.55  0.000 0.000
-17.45  0.000 0.000
-17.35  0.000 0.000
-17.25  0.000 0.000
-17.15  0.000 0.000
-17.05  0.000 0.000
-16.95  0.000 0.00383
-16.85  0.00387 0.000
-16.75  0.000 0.000
-16.65  0.00387 0.000
-16.55  0.000 0.000
-16.45  0.000 0.000
-16.35  0.000 0.000
-16.25  0.000 0.00383
-16.15  0.000 0.000
-16.05  0.00387 0.000
-15.95  0.00387 0.00383
-15.85  0.000 0.00766
-15.75  0.000 0.000
-15.65  0.00774 0.000
-15.55  0.00387 0.000
-15.45  0.00387 0.000
-15.35  0.000 0.000
-15.25  0.000 0.00383
-15.15  0.000 0.000
-15.05  0.000 0.00766
-14.95  0.00387 0.000
-14.85  0.01935 0.00383
-14.75  0.00387 0.00383
-14.65  0.00387 0.000
-14.55  0.00774 0.01149
-14.45  0.00774 0.00766
-14.35  0.01161 0.00766
-14.25  0.00774 0.00766
-14.15  0.01935 0.00383
-14.05  0.00774 0.00383
-13.95  0.000 0.00766
-13.85  0.00387 0.01149
-13.75  0.00774 0.000
-13.65  0.01161 0.00766
-13.55  0.00387 0.01149
-13.45  0.00774 0.00383
-13.35  0.00387 0.01149
-13.25  0.00774 0.00766
-13.15  0.01161 0.00383
-13.05  0.01548 0.00383
-12.95  0.01548 0.01149
-12.85  0.01548 0.01149
-12.75  0.02322 0.01149
-12.65  0.02322 0.01915
-12.55  0.00387 0.02298
-12.45  0.01548 0.01915
-12.35  0.01935 0.02681
-12.25  0.02322 0.01532
-12.15  0.01548 0.02298
-12.05  0.01548 0.01149
-11.95  0.01161 0.00383
-11.85  0.00387 0.01532
-11.75  0.02322 0.03064
-11.65  0.01161 0.01532
-11.55  0.01161 0.03064
-11.45  0.01548 0.00383
-11.35  0.00387 0.01915
-11.25  0.02709 0.01915
-11.15  0.01548 0.00383
-11.05  0.02709 0.00766
-10.95  0.01548 0.01532
-10.85  0.01161 0.02681
-10.75  0.02322 0.00766
-10.65  0.01161 0.02681
-10.55  0.000 0.00766
-10.45  0.00387 0.01149
-10.35  0.01161 0.00383
-10.25  0.00774 0.00383
-10.15  0.000 0.00766
-10.05  0.01935 0.01149
-9.95 0.000 0.01915
-9.85 0.01548 0.00383
-9.75 0.00774 0.00766
-9.65 0.000 0.00766
-9.55 0.00387 0.01915
-9.45 0.00387 0.00383
-9.35 0.000 0.01915
-9.25 0.00387 0.00766
-9.15 0.00387 0.000
-9.05 0.000 0.00383
-8.95 0.000 0.00383
-8.85 0.00387 0.00383
-8.75 0.000 0.00383
-8.65 0.01161 0.00383
-8.55 0.000 0.00383
-8.45 0.00387 0.000
-8.35 0.00774 0.000
-8.25 0.000 0.000
-8.15 0.00387 0.000
-8.05 0.00387 0.00383
-7.95 0.00387 0.000
-7.85 0.000 0.00383
-7.75 0.00387 0.000
-7.65 0.000 0.000
-7.55 0.00387 0.000
-7.45 0.000 0.000
-7.35 0.000 0.000
-7.25 0.00387 0.00383
-7.15 0.000 0.000
-7.05 0.00774 0.000
-6.95 0.000 0.000
-6.85 0.000 0.00383
-6.75 0.000 0.00383
-6.65 0.000 0.000
-6.55 0.000 0.00383
-6.45 0.000 0.000
-6.35 0.00387 0.00383
-6.25 0.00387 0.000
-6.15 0.00387 0.000
-6.05 0.000 0.000
-5.95 0.000 0.000
-5.85 0.000 0.000
-5.75 0.000 0.000
-5.65 0.00387 0.000
-5.55 0.000 0.00383
-5.45 0.00774 0.000
-5.35 0.000 0.000
-5.25 0.00387 0.00383
-5.15 0.000 0.000
-5.05 0.000 0.00383
-4.95 0.000 0.000
-4.85 0.00387 0.000
-4.75 0.000 0.000
-4.65 0.000 0.000
-4.55 0.000 0.000
-4.45 0.000 0.000
-4.35 0.000 0.000
-4.25 0.000 0.000
-4.15 0.000 0.000
-4.05 0.000 0.000
-3.95 0.00387 0.000
-3.85 0.000 0.000
-3.75 0.000 0.000
-3.65 0.000 0.000
-3.55 0.000 0.000
-3.45 0.000 0.00383
-3.35 0.01161 0.000
-3.25 0.000 0.000
-3.15 0.000 0.000
-3.05 0.000 0.000
-2.95 0.000 0.000
-2.85 0.00387 0.000
-2.75 0.00387 0.000
-2.65 0.000 0.00383
-2.55 0.00387 0.000
-2.45 0.000 0.000
-2.35 0.000 0.000
-2.25 0.00387 0.00383
-2.15 0.00387 0.000
-2.05 0.00774 0.000
-1.95 0.000 0.000
-1.85 0.000 0.000
-1.75 0.000 0.000
-1.65 0.000 0.00383
-1.55 0.000 0.00766
-1.45 0.000 0.00383
-1.35 0.00387 0.000
-1.25 0.00387 0.00383
-1.15 0.00387 0.000
-1.05 0.01548 0.000
-0.95 0.00774 0.00383
-0.85 0.01548 0.000
-0.75 0.00774 0.00383
-0.65 0.01548 0.000
-0.55 0.05418 0.00383
-0.45 0.05031 0.00383
-0.35 0.04257 0.000
-0.25 0.06192 0.01149
-0.15 0.1161  0.01149
-0.05 0.14319 0.00766
0.05  0.17028 0.00766
0.15  0.12384 0.00766
0.25  0.16641 0.01149
0.35  0.14319 0.01532
0.45  0.18576 0.01149
0.55  0.18189 0.03064
0.65  0.17802 0.00766
0.75  0.16641 0.02298
0.85  0.15093 0.01149
0.95  0.10062 0.01149
1.05  0.10062 0.02298
1.15  0.10836 0.02298
1.25  0.06579 0.01149
1.35  0.06579 0.02298
1.45  0.09288 0.02681
1.55  0.09288 0.04212
1.65  0.04644 0.02298
1.75  0.05805 0.01532
1.85  0.05031 0.01532
1.95  0.05031 0.01532
2.05  0.03483 0.04212
2.15  0.03483 0.01915
2.25  0.02709 0.00766
2.35  0.02322 0.00383
2.45  0.04644 0.01915
2.55  0.02322 0.00766
2.65  0.00774 0.01532
2.75  0.02322 0.00766
2.85  0.02322 0.00383
2.95  0.01548 0.02681
3.05  0.01548 0.00766
3.15  0.01548 0.00383
3.25  0.01161 0.00383
3.35  0.01935 0.01532
3.45  0.00774 0.01149
3.55  0.01935 0.00383
3.65  0.00774 0.000
3.75  0.00774 0.00383
3.85  0.00774 0.00383
3.95  0.000 0.00383
4.05  0.00774 0.00383
4.15  0.00387 0.00383
4.25  0.00387 0.000
4.35  0.00774 0.000
4.45  0.000 0.000
4.55  0.00387 0.00383
4.65  0.01548 0.000
4.75  0.00387 0.00383
4.85  0.00774 0.000
4.95  0.00387 0.000
5.05  0.00387 0.000
5.15  0.000 0.000
5.25  0.00387 0.000
5.35  0.00774 0.000
5.45  0.000 0.00383
5.55  0.00387 0.000
5.65  0.00774 0.000
5.75  0.00387 0.000
5.85  0.000 0.000
5.95  0.000 0.000
6.05  0.01161 0.000
6.15  0.00387 0.000
6.25  0.00387 0.000
6.35  0.000 0.000
6.45  0.000 0.000
6.55  0.000 0.000
6.65  0.000 0.000
6.75  0.000 0.000
6.85  0.00774 0.00383
6.95  0.000 0.000
7.05  0.00387 0.00383
7.15  0.00387 0.000
7.25  0.000 0.000
7.35  0.000 0.000
7.45  0.000 0.000
7.55  0.000 0.000
7.65  0.000 0.000
7.75  0.000 0.000
7.85  0.000 0.000
7.95  0.00387 0.000
8.05  0.000 0.000
8.15  0.000 0.000
8.25  0.000 0.000
8.35  0.000 0.00383
8.45  0.000 0.000
8.55  0.000 0.000
8.65  0.000 0.000
8.75  0.00387 0.000
8.85  0.00387 0.000
8.95  0.00387 0.000
9.05  0.000 0.000
9.15  0.00387 0.00766
9.25  0.00387 0.000
9.35  0.000 0.00383
9.45  0.000 0.00383
9.55  0.00774 0.000
9.65  0.00387 0.000
9.75  0.000 0.000
9.85  0.00387 0.000
9.95  0.00387 0.000
10.05 0.000 0.00766
10.15 0.00387 0.000
10.25 0.000 0.00383
10.35 0.000 0.00766
10.45 0.000 0.000
10.55 0.01548 0.00766
10.65 0.000 0.000
10.75 0.01161 0.00383
10.85 0.01161 0.01149
10.95 0.00387 0.000
11.05 0.00387 0.000
11.15 0.01161 0.01149
11.25 0.01161 0.000
11.35 0.00387 0.00766
11.45 0.01161 0.000
11.55 0.01548 0.00766
11.65 0.02709 0.00766
11.75 0.000 0.01915
11.85 0.02322 0.03064
11.95 0.00387 0.01149
12.05 0.01161 0.01532
12.15 0.02709 0.00383
12.25 0.02322 0.01532
12.35 0.02709 0.01915
12.45 0.01935 0.01532
12.55 0.02322 0.02298
12.65 0.03483 0.01532
12.75 0.01548 0.01149
12.85 0.01548 0.02298
12.95 0.01935 0.02298
13.05 0.02322 0.02298
13.15 0.01548 0.01532
13.25 0.01548 0.01915
13.35 0.02322 0.01532
13.45 0.01935 0.00383
13.55 0.00774 0.01149
13.65 0.01161 0.03064
13.75 0.01548 0.01915
13.85 0.02322 0.02681
13.95 0.02709 0.01532
14.05 0.00387 0.01532
14.15 0.01161 0.02298
14.25 0.000 0.02681
14.35 0.01548 0.02298
14.45 0.00774 0.00383
14.55 0.00387 0.01532
14.65 0.01548 0.00383
14.75 0.00387 0.01915
14.85 0.00387 0.00383
14.95 0.00387 0.01532
15.05 0.00387 0.00383
15.15 0.00774 0.01149
15.25 0.00774 0.01532
15.35 0.00774 0.00383
15.45 0.01161 0.000
15.55 0.000 0.01149
15.65 0.01161 0.00766
15.75 0.00387 0.00383
15.85 0.00387 0.000
15.95 0.00774 0.000
16.05 0.00387 0.01149
16.15 0.01161 0.01532
16.25 0.00387 0.01149
16.35 0.00387 0.01532
16.45 0.00387 0.000
16.55 0.000 0.000
16.65 0.00387 0.00383
16.75 0.00774 0.01149
16.85 0.00387 0.00383
16.95 0.00387 0.00766
17.05 0.00387 0.000
17.15 0.00774 0.00766
17.25 0.000 0.00383
17.35 0.000 0.000
17.45 0.000 0.01149
17.55 0.000 0.00383
17.65 0.000 0.00383
17.75 0.000 0.000
17.85 0.000 0.00383
17.95 0.00387 0.00383
18.05 0.00387 0.000
18.15 0.000 0.00766
18.25 0.00387 0.000
18.35 0.00774 0.000
18.45 0.00774 0.000
18.55 0.000 0.00383
18.65 0.000 0.000
18.75 0.000 0.000
18.85 0.00387 0.000
18.95 0.000 0.000
19.05 0.000 0.000
19.15 0.00387 0.000
19.25 0.000 0.000
19.35 0.00387 0.000
19.45 0.00774 0.00383
19.55 0.00387 0.000
19.65 0.000 0.000
19.75 0.000 0.000
19.85 0.000 0.00383
19.95 0.000 0.00383
20.05 0.00387 0.000
20.15 0.000 0.000
20.25 0.000 0.00383
20.35 0.00774 0.000
20.45 0.000 0.000
20.55 0.000 0.000
20.65 0.00387 0.000
20.75 0.000 0.00383
20.85 0.000 0.01149
20.95 0.000 0.000
21.05 0.000 0.000
21.15 0.000 0.000
21.25 0.000 0.00383
21.35 0.00774 0.000
21.45 0.00774 0.00383
21.55 0.00774 0.00383
21.65 0.00387 0.00383
21.75 0.000 0.00383
21.85 0.00387 0.000
21.95 0.000 0.00383
22.05 0.000 0.000
22.15 0.00774 0.00383
22.25 0.00774 0.00383
22.35 0.00387 0.000
22.45 0.000 0.000
22.55 0.00387 0.00383
22.65 0.000 0.000
22.75 0.00387 0.000
22.85 0.00774 0.000
22.95 0.00387 0.00383
23.05 0.00387 0.00766
23.15 0.00387 0.000
23.25 0.000 0.000
23.35 0.00387 0.00383
23.45 0.000 0.000
23.55 0.00774 0.00383
23.65 0.01548 0.000
23.75 0.01935 0.01915
23.85 0.01935 0.01915
23.95 0.02709 0.01149
24.05 0.00387 0.00766
24.15 0.01935 0.01915
24.25 0.00774 0.01915
24.35 0.03096 0.01915
24.45 0.02322 0.01149
24.55 0.01935 0.01532
24.65 0.01935 0.02681
24.75 0.01548 0.02298
24.85 0.02709 0.01532
24.95 0.01161 0.02681
25.05 0.01935 0.02681
25.15 0.02322 0.01915
25.25 0.02709 0.04212
25.35 0.01935 0.01532
25.45 0.01935 0.03064
25.55 0.02322 0.01149
25.65 0.02322 0.02298
25.75 0.0387  0.01532
25.85 0.01935 0.03447
25.95 0.02322 0.02681
26.05 0.0387  0.02298
26.15 0.00774 0.01532
26.25 0.01548 0.03064
26.35 0.01548 0.000
26.45 0.01935 0.01532
26.55 0.01935 0.00766
26.65 0.01161 0.00766
26.75 0.01548 0.01532
26.85 0.01161 0.01532
26.95 0.01161 0.01915
27.05 0.02322 0.00766
27.15 0.01161 0.01532
27.25 0.00774 0.000
27.35 0.00774 0.00766
27.45 0.01161 0.01915
27.55 0.00774 0.02298
27.65 0.00774 0.01149
27.75 0.00387 0.01532
27.85 0.01935 0.00766
27.95 0.00774 0.00766
28.05 0.00387 0.00766
28.15 0.01161 0.01149
28.25 0.01548 0.000
28.35 0.000 0.00383
28.45 0.00774 0.00383
28.55 0.00774 0.000
28.65 0.01548 0.01149
28.75 0.00387 0.01149
28.85 0.00774 0.00383
28.95 0.00774 0.00383
29.05 0.000 0.00383
29.15 0.00774 0.000
29.25 0.000 0.00383
29.35 0.00387 0.01149
29.45 0.000 0.000
29.55 0.00774 0.01149
29.65 0.000 0.00383
29.75 0.00387 0.00766
29.85 0.000 0.00383
29.95 0.00387 0.000
30.05 0.000 0.000
30.15 0.000 0.000
30.25 0.000 0.00383
30.35 0.000 0.000
30.45 0.000 0.000
30.55 0.00387 0.000
30.65 0.000 0.000
30.75 0.00774 0.000
30.85 0.000 0.000
30.95 0.00774 0.00383
31.05 0.00387 0.00383
31.15 0.000 0.000
31.25 0.000 0.00383
31.35 0.000 0.000
31.45 0.000 0.00383
31.55 0.00387 0.000
31.65 0.000 0.00383
31.75 0.000 0.000
31.85 0.000 0.000
31.95 0.00387 0.000
32.05 0.000 0.000
32.15 0.000 0.000
32.25 0.000 0.000
32.35 0.000 0.000
32.45 0.00387 0.000
32.55 0.000 0.000
32.65 0.000 0.000
32.75 0.000 0.000
32.85 0.00387 0.000
32.95 0.000 0.000
33.05 0.000 0.000
33.15 0.000 0.000
33.25 0.00387 0.000
33.35 0.00774 0.00383
33.45 0.000 0.000
33.55 0.000 0.000
33.65 0.01161 0.000
33.75 0.000 0.000
33.85 0.000 0.000
33.95 0.00387 0.000
34.05 0.000 0.000
34.15 0.000 0.00766
34.25 0.000 0.00383
34.35 0.00387 0.000
34.45 0.00387 0.00383
34.55 0.00387 0.00766
34.65 0.000 0.00383
34.75 0.00387 0.000
34.85 0.000 0.000
34.95 0.000 0.00383
35.05 0.000 0.00383
35.15 0.000 0.00766
35.25 0.000 0.00383
35.35 0.00387 0.000
35.45 0.00387 0.01149
35.55 0.00387 0.000
35.65 0.01161 0.000
35.75 0.00774 0.00383
35.85 0.01548 0.01915
35.95 0.00387 0.00766
36.05 0.00774 0.00383
36.15 0.00774 0.00383
36.25 0.01161 0.00383
36.35 0.01935 0.01149
36.45 0.01548 0.01532
36.55 0.02322 0.02298
36.65 0.01548 0.01149
36.75 0.02322 0.00766
36.85 0.03096 0.03064
36.95 0.03483 0.02681
37.05 0.01548 0.02298
37.15 0.01935 0.01915
37.25 0.01935 0.02681
37.35 0.02709 0.0383
37.45 0.03096 0.01149
37.55 0.0387  0.02681
37.65 0.02709 0.03447
37.75 0.02709 0.00766
37.85 0.02709 0.02298
37.95 0.02322 0.00766
38.05 0.01935 0.02681
38.15 0.03096 0.02681
38.25 0.02709 0.02681
38.35 0.01161 0.0383
38.45 0.01935 0.02298
38.55 0.02322 0.02681
38.65 0.01935 0.01915
38.75 0.03483 0.02681
38.85 0.01161 0.00383
38.95 0.01161 0.01532
39.05 0.01161 0.01915
39.15 0.01548 0.00766
39.25 0.03096 0.01915
39.35 0.00387 0.01532
39.45 0.03096 0.01149
39.55 0.00774 0.01149
39.65 0.00387 0.01532
39.75 0.01161 0.01149
39.85 0.00774 0.01915
39.95 0.00774 0.01532
40.05 0.01161 0.00383
40.15 0.00387 0.00383
40.25 0.00774 0.00383
40.35 0.000 0.01149
40.45 0.00387 0.00766
40.55 0.01161 0.00383
40.65 0.000 0.00383
40.75 0.01935 0.000
40.85 0.00387 0.00383
40.95 0.00387 0.000
41.05 0.00387 0.000
41.15 0.00774 0.00766
41.25 0.01548 0.00383
41.35 0.000 0.000
41.45 0.00387 0.01532
41.55 0.00387 0.00766
41.65 0.00774 0.01149
41.75 0.000 0.00766
41.85 0.00387 0.000
41.95 0.000 0.00383
42.05 0.000 0.000
42.15 0.00387 0.00383
42.25 0.00774 0.00383
42.35 0.00387 0.00383
42.45 0.000 0.00383
42.55 0.000 0.00766
42.65 0.00774 0.000
42.75 0.000 0.000
42.85 0.00387 0.000
42.95 0.000 0.00383
43.05 0.01161 0.000
43.15 0.00387 0.000
43.25 0.00774 0.000
43.35 0.00387 0.000
43.45 0.00387 0.000
43.55 0.000 0.00383
43.65 0.00387 0.000
43.75 0.00387 0.00383
43.85 0.00387 0.000
43.95 0.00387 0.00383
44.05 0.000 0.000
44.15 0.000 0.000
44.25 0.000 0.000
44.35 0.000 0.000
44.45 0.00387 0.000
44.55 0.00387 0.000
44.65 0.000 0.000
44.75 0.00387 0.000
44.85 0.000 0.000
44.95 0.000 0.000
45.05 0.000 0.000
45.15 0.000 0.000
45.25 0.000 0.000
45.35 0.000 0.000
45.45 0.00387 0.00383
45.55 0.000 0.00766
45.65 0.00387 0.00383
45.75 0.000 0.000
45.85 0.000 0.000
45.95 0.00387 0.000
46.05 0.000 0.00383
46.15 0.000 0.00383
46.25 0.00387 0.000
46.35 0.00387 0.000
46.45 0.000 0.000
46.55 0.00387 0.000
46.65 0.000 0.00383
46.75 0.000 0.00383
46.85 0.000 0.00383
46.95 0.00387 0.00766
47.05 0.000 0.00383
47.15 0.00387 0.000
47.25 0.000 0.00766
47.35 0.00774 0.00383
47.45 0.00387 0.000
47.55 0.000 0.00766
47.65 0.01161 0.01149
47.75 0.00387 0.00766
47.85 0.00387 0.00383
47.95 0.00387 0.00383
48.05 0.01161 0.000
48.15 0.00774 0.00766
48.25 0.00774 0.00383
48.35 0.01161 0.00766
48.45 0.01161 0.00766
48.55 0.000 0.01149
48.65 0.00387 0.00383
48.75 0.02322 0.02298
48.85 0.01935 0.01532
48.95 0.01935 0.00766
49.05 0.00774 0.01149
49.15 0.00774 0.02681
49.25 0.01548 0.01532
49.35 0.00774 0.01915
49.45 0.01935 0.02298
49.55 0.03096 0.01532
49.65 0.03096 0.0383
49.75 0.01935 0.03064
49.85 0.03096 0.01915
49.95 0.01161 0.01915
50.05 0.01935 0.0383
50.15 0.00774 0.0383
50.25 0.02322 0.05361
50.35 0.02322 0.04212
50.45 0.02709 0.02681
50.55 0.02709 0.00383
50.65 0.01548 0.01532
50.75 0.02709 0.01915
50.85 0.02322 0.01532
50.95 0.01548 0.02681
51.05 0.02322 0.02298
51.15 0.02322 0.0383
51.25 0.01548 0.01915
51.35 0.01548 0.01915
51.45 0.02322 0.02681
51.55 0.01161 0.00766
51.65 0.01935 0.01532
51.75 0.02709 0.02681
51.85 0.00774 0.00383
51.95 0.00774 0.00383
52.05 0.00774 0.01915
52.15 0.00774 0.00766
52.25 0.01161 0.01532
52.35 0.01935 0.01532
52.45 0.01935 0.01149
52.55 0.01161 0.00383
52.65 0.000 0.00383
52.75 0.00774 0.00766
52.85 0.00387 0.01149
52.95 0.00774 0.01149
53.05 0.00774 0.000
53.15 0.00387 0.01532
53.25 0.00387 0.00766
53.35 0.00774 0.01532
53.45 0.00774 0.000
53.55 0.01548 0.00766
53.65 0.00387 0.00766
53.75 0.00387 0.000
53.85 0.00774 0.00766
53.95 0.00387 0.00383
54.05 0.00774 0.00766
54.15 0.00387 0.00383
54.25 0.00387 0.000
54.35 0.00387 0.00383
54.45 0.000 0.00766
54.55 0.000 0.00766
54.65 0.00387 0.00766
54.75 0.00387 0.00383
54.85 0.000 0.000
54.95 0.00387 0.000
55.05 0.000 0.00383
55.15 0.000 0.000
55.25 0.00387 0.000
55.35 0.000 0.000
55.45 0.000 0.00383
55.55 0.000 0.000
55.65 0.00387 0.00383
55.75 0.000 0.00383
55.85 0.000 0.000
55.95 0.000 0.00383
56.05 0.00387 0.00766
56.15 0.000 0.000
56.25 0.01161 0.00383
56.35 0.000 0.000
56.45 0.000 0.000
56.55 0.00387 0.000
56.65 0.000 0.000
56.75 0.00387 0.00383
56.85 0.000 0.000
56.95 0.000 0.000
57.05 0.000 0.000
57.15 0.00387 0.000
57.25 0.000 0.000
57.35 0.000 0.00383
57.45 0.00387 0.000
57.55 0.000 0.000
57.65 0.000 0.00383
57.75 0.000 0.000
57.85 0.000 0.000
57.95 0.00387 0.000
58.05 0.000 0.00766
58.15 0.00387 0.00383
58.25 0.000 0.000
58.35 0.000 0.000
58.45 0.000 0.000
58.55 0.000 0.000
58.65 0.000 0.00766
58.75 0.000 0.000
58.85 0.000 0.00383
58.95 0.000 0.000
59.05 0.00387 0.000
59.15 0.000 0.00383
59.25 0.000 0.000
59.35 0.00774 0.000
59.45 0.000 0.000
59.55 0.00387 0.000
59.65 0.000 0.000
59.75 0.00387 0.00766
59.85 0.00774 0.000
59.95 0.000 0.00766
60.05 0.00387 0.000
60.15 0.000 0.00383
60.25 0.00387 0.00383
60.35 0.000 0.000
60.45 0.02322 0.00383
60.55 0.00774 0.00766
60.65 0.00774 0.000
60.75 0.01161 0.00766
60.85 0.00387 0.00383
60.95 0.01161 0.000
61.05 0.000 0.01532
61.15 0.01548 0.01532
61.25 0.01548 0.00383
61.35 0.01935 0.03064
61.45 0.03096 0.000
61.55 0.01935 0.01149
61.65 0.01161 0.00766
61.75 0.01935 0.01532
61.85 0.03483 0.01149
61.95 0.02709 0.03064
62.05 0.00774 0.01915
62.15 0.03096 0.01149
62.25 0.01935 0.01532
62.35 0.03483 0.03447
62.45 0.02322 0.02681
62.55 0.02322 0.02298
62.65 0.02709 0.01149
62.75 0.0387  0.04212
62.85 0.04257 0.01915
62.95 0.01935 0.01532
63.05 0.0387  0.02298
63.15 0.03483 0.01532
63.25 0.00774 0.01915
63.35 0.01935 0.04212
63.45 0.01161 0.02681
63.55 0.02322 0.01532
63.65 0.01935 0.03064
63.75 0.00774 0.02681
63.85 0.00387 0.02681
63.95 0.00774 0.00766
64.05 0.02709 0.02298
64.15 0.00774 0.01915
64.25 0.01161 0.01149
64.35 0.01935 0.00766
64.45 0.00774 0.01532
64.55 0.00774 0.01532
64.65 0.01935 0.000
64.75 0.01548 0.02298
64.85 0.01548 0.01149
64.95 0.01548 0.00766
65.05 0.01935 0.01149
65.15 0.00774 0.01532
65.25 0.01548 0.00383
65.35 0.00387 0.00766
65.45 0.00387 0.01915
65.55 0.01935 0.01149
65.65 0.01161 0.00383
65.75 0.000 0.00766
65.85 0.00774 0.01149
65.95 0.00387 0.000
66.05 0.01161 0.01532
66.15 0.00774 0.000
66.25 0.000 0.000
66.35 0.01161 0.000
66.45 0.01161 0.000
66.55 0.00387 0.00383
66.65 0.00387 0.00383
66.75 0.00774 0.000
66.85 0.00387 0.00383
66.95 0.00387 0.000
67.05 0.00387 0.000
67.15 0.000 0.00766
67.25 0.000 0.00383
67.35 0.000 0.00383
67.45 0.00387 0.00383
67.55 0.000 0.000
67.65 0.00387 0.00766
67.75 0.000 0.000
67.85 0.00387 0.000
67.95 0.00387 0.000
68.05 0.00387 0.00766
68.15 0.000 0.000
68.25 0.000 0.01149
68.35 0.000 0.000
68.45 0.00387 0.00383
68.55 0.000 0.00383
68.65 0.000 0.00766
68.75 0.00387 0.000
68.85 0.000 0.000
68.95 0.000 0.00383
69.05 0.000 0.000
69.15 0.000 0.000
69.25 0.000 0.000
69.35 0.000 0.000
69.45 0.000 0.000
69.55 0.00387 0.00383
69.65 0.000 0.000
69.75 0.000 0.000
69.85 0.00387 0.000
69.95 0.000 0.000
70.05 0.000 0.000
70.15 0.000 0.000
70.25 0.000 0.000
70.35 0.000 0.00383
70.45 0.000 0.000
70.55 0.00387 0.000
70.65 0.000 0.000
70.75 0.00387 0.000
70.85 0.00387 0.000
70.95 0.00774 0.000
71.05 0.000 0.000
71.15 0.000 0.000
71.25 0.000 0.000
71.35 0.000 0.01149
71.45 0.000 0.000
71.55 0.000 0.000
71.65 0.00387 0.00383
71.75 0.000 0.00383
71.85 0.000 0.00383
71.95 0.00387 0.000
72.05 0.000 0.00766
72.15 0.000 0.000
72.25 0.000 0.000
72.35 0.01161 0.00383
72.45 0.00387 0.00766
72.55 0.00774 0.000
72.65 0.00774 0.01149
72.75 0.00774 0.00766
72.85 0.00387 0.00766
72.95 0.01161 0.000
73.05 0.00387 0.000
73.15 0.01161 0.00766
73.25 0.00774 0.00766
73.35 0.000 0.01149
73.45 0.01161 0.01915
73.55 0.02709 0.00766
73.65 0.01161 0.00766
73.75 0.01548 0.00766
73.85 0.00774 0.01915
73.95 0.01161 0.00383
74.05 0.000 0.00383
74.15 0.01548 0.01149
74.25 0.01161 0.02298
74.35 0.01548 0.01532
74.45 0.03096 0.01915
74.55 0.02709 0.01532
74.65 0.01161 0.01915
74.75 0.01548 0.02298
74.85 0.01935 0.04595
74.95 0.03096 0.03064
75.05 0.02709 0.01915
75.15 0.01548 0.01532
75.25 0.01935 0.01915
75.35 0.03096 0.04212
75.45 0.02322 0.01532
75.55 0.02322 0.00383
75.65 0.03483 0.01915
75.75 0.02709 0.03064
75.85 0.01548 0.02298
75.95 0.01935 0.03064
76.05 0.02709 0.01915
76.15 0.02322 0.00766
76.25 0.02709 0.01149
76.35 0.01161 0.01915
76.45 0.00774 0.01532
76.55 0.01548 0.01915
76.65 0.00774 0.01915
76.75 0.01161 0.00383
76.85 0.01935 0.01532
76.95 0.01161 0.01149
77.05 0.00387 0.01915
77.15 0.01548 0.02298
77.25 0.01161 0.00383
77.35 0.00774 0.01149
77.45 0.01161 0.01149
77.55 0.00774 0.00383
77.65 0.00774 0.00766
77.75 0.02322 0.00766
77.85 0.01548 0.00766
77.95 0.00774 0.01532
78.05 0.01548 0.01915
78.15 0.00774 0.01149
78.25 0.00387 0.00766
78.35 0.00774 0.00766
78.45 0.00774 0.00766
78.55 0.00387 0.00766
78.65 0.00387 0.00383
78.75 0.00387 0.000
78.85 0.00387 0.000
78.95 0.00387 0.000
79.05 0.01548 0.00383
79.15 0.00387 0.000
79.25 0.00387 0.000
79.35 0.00387 0.000
79.45 0.000 0.000
79.55 0.00387 0.00766
79.65 0.00387 0.01149
79.75 0.000 0.00766
79.85 0.000 0.01149
79.95 0.000 0.00766
80.05 0.000 0.000
80.15 0.00774 0.00383
80.25 0.00774 0.000
80.35 0.000 0.000
80.45 0.00387 0.00383
80.55 0.000 0.00383
80.65 0.000 0.000
80.75 0.00387 0.000
80.85 0.000 0.000
80.95 0.000 0.000
81.05 0.000 0.00383
81.15 0.000 0.00383
81.25 0.000 0.000
81.35 0.000 0.000
81.45 0.000 0.00383
81.55 0.000 0.000
81.65 0.000 0.000
81.75 0.000 0.00766
81.85 0.000 0.000
81.95 0.000 0.00383
82.05 0.00387 0.000
82.15 0.000 0.000
82.25 0.000 0.00383
82.35 0.000 0.000
82.45 0.00387 0.00383
82.55 0.00387 0.000
82.65 0.000 0.000
82.75 0.000 0.000
82.85 0.000 0.000
82.95 0.000 0.000
83.05 0.000 0.000
83.15 0.000 0.000
83.25 0.00387 0.000
83.35 0.00387 0.000
83.45 0.000 0.00383
83.55 0.000 0.000
83.65 0.000 0.00383
83.75 0.00387 0.000
83.85 0.000 0.00383
83.95 0.00387 0.000
84.05 0.000 0.00766
84.15 0.00387 0.000
84.25 0.000 0.000
84.35 0.00387 0.000
84.45 0.000 0.000
84.55 0.00387 0.00383
84.65 0.000 0.01149
84.75 0.00387 0.000
84.85 0.00774 0.000
84.95 0.00774 0.000
85.05 0.00774 0.000
85.15 0.00774 0.000
85.25 0.00387 0.00383
85.35 0.000 0.000
85.45 0.000 0.00383
85.55 0.01161 0.01532
85.65 0.01548 0.000
85.75 0.00774 0.00766
85.85 0.01548 0.00766
85.95 0.01548 0.01532
86.05 0.00774 0.01532
86.15 0.01161 0.00766
86.25 0.01935 0.01915
86.35 0.00387 0.00766
86.45 0.01548 0.02298
86.55 0.00774 0.01532
86.65 0.00774 0.00766
86.75 0.02322 0.01915
86.85 0.00774 0.02298
86.95 0.00387 0.01532
87.05 0.02709 0.00766
87.15 0.01548 0.01532
87.25 0.01161 0.02298
87.35 0.01935 0.04595
87.45 0.03483 0.03064
87.55 0.02709 0.04595
87.65 0.01935 0.01532
87.75 0.03483 0.01532
87.85 0.01548 0.02681
87.95 0.03096 0.01915
88.05 0.02322 0.0383
88.15 0.01935 0.02298
88.25 0.01161 0.02681
88.35 0.01548 0.01532
88.45 0.02322 0.01915
88.55 0.01161 0.01915
88.65 0.01548 0.02681
88.75 0.01548 0.01915
88.85 0.01548 0.01149
88.95 0.01935 0.02298
89.05 0.02322 0.01532
89.15 0.01935 0.01532
89.25 0.00774 0.02298
89.35 0.00774 0.01532
89.45 0.02709 0.01915
89.55 0.00387 0.01149
89.65 0.01548 0.00383
89.75 0.01161 0.01915
89.85 0.000 0.00766
89.95 0.01548 0.01532
90.05 0.01548 0.00383
90.15 0.00774 0.01149
90.25 0.000 0.01532
90.35 0.00387 0.01532
90.45 0.00387 0.00383
90.55 0.00387 0.00766
90.65 0.00387 0.00383
90.75 0.000 0.01149
90.85 0.00387 0.01532
90.95 0.000 0.00766
91.05 0.00387 0.01149
91.15 0.000 0.000
91.25 0.00387 0.00383
91.35 0.000 0.00383
91.45 0.01161 0.00383
91.55 0.000 0.00383
91.65 0.00774 0.00383
91.75 0.01161 0.00383
91.85 0.000 0.00766
91.95 0.000 0.00383
92.05 0.00774 0.000
92.15 0.00387 0.000
92.25 0.00387 0.000
92.35 0.000 0.00383
92.45 0.00774 0.000
92.55 0.00387 0.00383
92.65 0.000 0.000
92.75 0.000 0.00383
92.85 0.000 0.00383
92.95 0.00387 0.000
93.05 0.00387 0.00383
93.15 0.000 0.00383
93.25 0.000 0.000
93.35 0.00387 0.000
93.45 0.000 0.00766
93.55 0.000 0.00383
93.65 0.00387 0.000
93.75 0.00387 0.000
93.85 0.00387 0.000
93.95 0.000 0.000
94.05 0.000 0.000
94.15 0.00387 0.000
94.25 0.000 0.000
94.35 0.000 0.00383
94.45 0.000 0.00383
94.55 0.000 0.000
94.65 0.000 0.00383
94.75 0.000 0.000
94.85 0.000 0.000
94.95 0.000 0.00383
95.05 0.000 0.000
95.15 0.000 0.000
95.25 0.000 0.000
95.35 0.000 0.000
95.45 0.000 0.000
95.55 0.000 0.00383
95.65 0.000 0.000
95.75 0.00774 0.000
95.85 0.00387 0.000
95.95 0.00387 0.000
96.05 0.000 0.000
96.15 0.00774 0.000
96.25 0.00387 0.00383
96.35 0.000 0.00766
96.45 0.00387 0.00383
96.55 0.000 0.000
96.65 0.00387 0.000
96.75 0.000 0.00383
96.85 0.000 0.00383
96.95 0.000 0.000
97.05 0.00387 0.00383
97.15 0.000 0.000
97.25 0.000 0.00383
97.35 0.000 0.00383
97.45 0.00387 0.00383
97.55 0.00387 0.00766
97.65 0.00387 0.00383
97.75 0.00387 0.00383
97.85 0.00774 0.00766
97.95 0.00774 0.000
98.05 0.01161 0.000
98.15 0.00387 0.00383
98.25 0.00774 0.01149
98.35 0.01161 0.01915
98.45 0.00387 0.00383
98.55 0.01161 0.00383
98.65 0.01161 0.00383
98.75 0.00774 0.01532
98.85 0.03096 0.01532
98.95 0.01161 0.02298
99.05 0.01161 0.02681
99.15 0.01935 0.01915
99.25 0.01161 0.01915
99.35 0.01935 0.01532
99.45 0.03096 0.04212
99.55 0.00774 0.01532
99.65 0.03483 0.01532
99.75 0.02322 0.03064
99.85 0.01935 0.0383
99.95 0.02322 0.04595
100.05  0.03483 0.02681
100.15  0.02709 0.01532
100.25  0.01161 0.0383
100.35  0.01935 0.01915
100.45  0.01161 0.02298
100.55  0.01161 0.01532
100.65  0.01935 0.01532
100.75  0.03096 0.02298
100.85  0.01161 0.02298
100.95  0.01548 0.03064
101.05  0.01548 0.02298
101.15  0.01935 0.01532
101.25  0.01161 0.04212
101.35  0.01548 0.01915
101.45  0.01161 0.03064
101.55  0.02322 0.01915
101.65  0.00774 0.00766
101.75  0.00774 0.02298
101.85  0.00387 0.01915
101.95  0.01935 0.00766
102.05  0.01935 0.0383
102.15  0.00387 0.01149
102.25  0.00774 0.01149
102.35  0.000 0.01149
102.45  0.00774 0.01915
102.55  0.00774 0.02298
102.65  0.00387 0.00383
102.75  0.00774 0.01532
102.85  0.00774 0.00383
102.95  0.01161 0.01532
103.05  0.01161 0.03064
103.15  0.00387 0.02681
103.25  0.00774 0.00766
103.35  0.01548 0.01532
103.45  0.000 0.000
103.55  0.00774 0.000
103.65  0.00774 0.00383
103.75  0.00387 0.00383
103.85  0.00387 0.00766
103.95  0.01161 0.00383
104.05  0.00387 0.00383
104.15  0.000 0.000
104.25  0.00387 0.00766
104.35  0.00387 0.01149
104.45  0.00387 0.01149
104.55  0.01161 0.000
104.65  0.000 0.00383
104.75  0.00387 0.00383
104.85  0.00387 0.00383
104.95  0.00774 0.000
105.05  0.01161 0.000
105.15  0.00387 0.000
105.25  0.00387 0.000
105.35  0.000 0.000
105.45  0.000 0.00383
105.55  0.01161 0.000
105.65  0.00774 0.00383
105.75  0.000 0.000
105.85  0.000 0.00383
105.95  0.00387 0.00383
106.05  0.000 0.000
106.15  0.00387 0.000
106.25  0.000 0.000
106.35  0.000 0.000
106.45  0.000 0.00383
106.55  0.000 0.000
106.65  0.000 0.000
106.75  0.000 0.000
106.85  0.000 0.00383
106.95  0.00387 0.000
107.05  0.000 0.000
107.15  0.000 0.000
107.25  0.000 0.000
107.35  0.00387 0.000
107.45  0.000 0.000
107.55  0.000 0.00383
107.65  0.000 0.000
107.75  0.00387 0.000
107.85  0.000 0.000
107.95  0.00774 0.000
108.05  0.000 0.000
108.15  0.000 0.00383
108.25  0.000 0.000
108.35  0.00387 0.00383
108.45  0.000 0.000
108.55  0.000 0.00383
108.65  0.000 0.000
108.75  0.00387 0.00383
108.85  0.000 0.000
108.95  0.000 0.000
109.05  0.00387 0.00383
109.15  0.000 0.00383
109.25  0.000 0.00383
109.35  0.00387 0.000
109.45  0.00387 0.000
109.55  0.000 0.00766
109.65  0.000 0.000
109.75  0.00774 0.00766
109.85  0.01161 0.00383
109.95  0.00774 0.00383
110.05  0.00387 0.000
110.15  0.00387 0.00383
110.25  0.00387 0.00383
110.35  0.01161 0.00383
110.45  0.01161 0.00766
110.55  0.00774 0.00383
110.65  0.00387 0.00383
110.75  0.01161 0.01149
110.85  0.00387 0.01532
110.95  0.01161 0.00383
111.05  0.01161 0.00766
111.15  0.01548 0.00766
111.25  0.00387 0.01149
111.35  0.01161 0.01915
111.45  0.00774 0.00766
111.55  0.01548 0.01532
111.65  0.01161 0.01149
111.75  0.01935 0.02681
111.85  0.01548 0.01149
111.95  0.01935 0.01149
112.05  0.01548 0.01915
112.15  0.02709 0.02681
112.25  0.03096 0.03447
112.35  0.03483 0.01915
112.45  0.0387  0.02681
112.55  0.01161 0.03064
112.65  0.05031 0.02681
112.75  0.01935 0.03064
112.85  0.01548 0.03064
112.95  0.02322 0.01149
113.05  0.03483 0.00383
113.15  0.0387  0.01149
113.25  0.02709 0.03064
113.35  0.01935 0.02298
113.45  0.02709 0.01149
113.55  0.01161 0.01915
113.65  0.02322 0.01532
113.75  0.02709 0.01149
113.85  0.01935 0.01915
113.95  0.01161 0.01532
114.05  0.01935 0.01149
114.15  0.00774 0.000
114.25  0.01935 0.01149
114.35  0.01161 0.01915
114.45  0.00774 0.02298
114.55  0.02322 0.01532
114.65  0.00387 0.01532
114.75  0.02322 0.01532
114.85  0.00387 0.00383
114.95  0.00387 0.000
115.05  0.00774 0.01915
115.15  0.00387 0.00766
115.25  0.01161 0.01149
115.35  0.00774 0.01149
115.45  0.01161 0.000
115.55  0.01161 0.00383
115.65  0.00774 0.00383
115.75  0.000 0.00383
115.85  0.00387 0.01915
115.95  0.00387 0.00766
116.05  0.00387 0.00766
116.15  0.000 0.00766
116.25  0.00774 0.000
116.35  0.00387 0.01149
116.45  0.000 0.00383
116.55  0.01548 0.00766
116.65  0.00387 0.00383
116.75  0.01548 0.01532
116.85  0.01161 0.000
116.95  0.00387 0.01149
117.05  0.01161 0.000
117.15  0.00387 0.00766
117.25  0.000 0.000
117.35  0.00774 0.00383
117.45  0.00387 0.00383
117.55  0.00387 0.00766
117.65  0.00387 0.000
117.75  0.00387 0.00766
117.85  0.000 0.000
117.95  0.01548 0.00383
118.05  0.000 0.00766
118.15  0.00387 0.000
118.25  0.000 0.000
118.35  0.000 0.00383
118.45  0.000 0.00766
118.55  0.000 0.00766
118.65  0.000 0.00383
118.75  0.000 0.000
118.85  0.00387 0.00383
118.95  0.000 0.000
119.05  0.000 0.000
119.15  0.00387 0.000
119.25  0.00387 0.000
119.35  0.000 0.000
119.45  0.000 0.000
119.55  0.00387 0.00383
119.65  0.000 0.000
119.75  0.000 0.000
119.85  0.000 0.000
119.95  0.000 0.000
120.05  0.000 0.000
120.15  0.000 0.000
120.25  0.000 0.000
120.35  0.000 0.000
120.45  0.00774 0.000
120.55  0.000 0.00383
120.65  0.000 0.000
120.75  0.000 0.00383
120.85  0.000 0.000
120.95  0.000 0.000
121.05  0.00387 0.000
121.15  0.000 0.000
121.25  0.000 0.00383
121.35  0.000 0.00383
121.45  0.000 0.000
121.55  0.00387 0.000
121.65  0.000 0.000
121.75  0.01161 0.000
121.85  0.00774 0.00383
121.95  0.00387 0.000
122.05  0.00387 0.00383
122.15  0.000 0.00766
122.25  0.00774 0.000
122.35  0.000 0.000
122.45  0.000 0.000
122.55  0.00774 0.00383
122.65  0.000 0.00766
122.75  0.00387 0.00383
122.85  0.00774 0.00383
122.95  0.01161 0.00383
123.05  0.00774 0.000
123.15  0.01161 0.00383
123.25  0.01161 0.000
123.35  0.00774 0.000
123.45  0.02322 0.01149
123.55  0.01161 0.00383
123.65  0.000 0.000
123.75  0.01935 0.01149
123.85  0.00774 0.00383
123.95  0.01548 0.00766
124.05  0.01161 0.00383
124.15  0.01161 0.00766
124.25  0.02709 0.02298
124.35  0.02322 0.00766
124.45  0.05805 0.01149
124.55  0.02322 0.01915
124.65  0.02322 0.01149
124.75  0.01548 0.01915
124.85  0.02709 0.02681
124.95  0.03096 0.01915
125.05  0.01548 0.01532
125.15  0.05418 0.04595
125.25  0.01935 0.03447
125.35  0.04257 0.02681
125.45  0.0387  0.02298
125.55  0.03483 0.01532
125.65  0.01935 0.0383
125.75  0.02322 0.04978
125.85  0.0387  0.01149
125.95  0.0387  0.04595
126.05  0.02322 0.01915
126.15  0.02709 0.01915
126.25  0.000 0.02298
126.35  0.02709 0.01532
126.45  0.01161 0.01915
126.55  0.00774 0.01532
126.65  0.00774 0.01915
126.75  0.00774 0.01532
126.85  0.00387 0.00766
126.95  0.00387 0.00766
127.05  0.000 0.01532
127.15  0.01935 0.000
127.25  0.00387 0.01149
127.35  0.01161 0.00766
127.45  0.000 0.00766
127.55  0.01548 0.00766
127.65  0.00774 0.01149
127.75  0.01161 0.01149
127.85  0.00774 0.00766
127.95  0.000 0.01149
128.05  0.000 0.01149
128.15  0.00774 0.01149
128.25  0.00387 0.01149
128.35  0.00387 0.00383
128.45  0.00387 0.00383
128.55  0.00387 0.00766
128.65  0.00387 0.01532
128.75  0.00387 0.00383
128.85  0.00387 0.000
128.95  0.00774 0.00383
129.05  0.00774 0.000
129.15  0.01548 0.000
129.25  0.00387 0.000
129.35  0.000 0.000
129.45  0.00387 0.00766
129.55  0.00387 0.00383
129.65  0.00387 0.00383
129.75  0.00387 0.000
129.85  0.000 0.000
129.95  0.000 0.00383
130.05  0.000 0.00383
130.15  0.000 0.000
130.25  0.000 0.00383
130.35  0.00387 0.000
130.45  0.000 0.00383
130.55  0.00774 0.00383
130.65  0.000 0.00766
130.75  0.00387 0.00383
130.85  0.00387 0.00383
130.95  0.000 0.000
131.05  0.00387 0.000
131.15  0.000 0.000
131.25  0.000 0.00766
131.35  0.000 0.00383
131.45  0.000 0.000
131.55  0.000 0.000
131.65  0.000 0.000
131.75  0.000 0.000
131.85  0.000 0.000
131.95  0.000 0.000
132.05  0.000 0.000
132.15  0.000 0.00383
132.25  0.000 0.000
132.35  0.000 0.00383
132.45  0.000 0.000
132.55  0.000 0.00383
132.65  0.000 0.000
132.75  0.000 0.00383
132.85  0.000 0.000
132.95  0.000 0.00383
133.05  0.00387 0.00766
133.15  0.000 0.00383
133.25  0.000 0.00383
133.35  0.00387 0.000
133.45  0.000 0.00383
133.55  0.00387 0.000
133.65  0.000 0.000
133.75  0.00387 0.00383
133.85  0.00387 0.000
133.95  0.000 0.00383
134.05  0.00387 0.01149
134.15  0.000 0.000
134.25  0.01548 0.000
134.35  0.00387 0.00766
134.45  0.00387 0.00383
134.55  0.000 0.000
134.65  0.00774 0.000
134.75  0.000 0.000
134.85  0.00774 0.00766
134.95  0.00774 0.00383
135.05  0.000 0.000
135.15  0.00774 0.00766
135.25  0.00774 0.00766
135.35  0.00387 0.00383
135.45  0.000 0.00383
135.55  0.00774 0.00383
135.65  0.00387 0.00766
135.75  0.01161 0.00383
135.85  0.000 0.01149
135.95  0.00774 0.00383
136.05  0.00774 0.00766
136.15  0.01161 0.00766
136.25  0.01548 0.00766
136.35  0.00774 0.000
136.45  0.01548 0.01532
136.55  0.01548 0.01915
136.65  0.01548 0.01532
136.75  0.01935 0.01149
136.85  0.01935 0.03064
136.95  0.01935 0.01149
137.05  0.01935 0.03064
137.15  0.01161 0.01915
137.25  0.00774 0.01915
137.35  0.01935 0.02298
137.45  0.02709 0.01149
137.55  0.03096 0.02298
137.65  0.02709 0.01915
137.75  0.01935 0.01915
137.85  0.0387  0.0383
137.95  0.01548 0.03064
138.05  0.03483 0.02298
138.15  0.03483 0.02681
138.25  0.01935 0.03064
138.35  0.02322 0.03447
138.45  0.03096 0.03064
138.55  0.01548 0.01149
138.65  0.01548 0.01532
138.75  0.01161 0.00383
138.85  0.01548 0.01149
138.95  0.02322 0.01915
139.05  0.03483 0.02298
139.15  0.00387 0.01149
139.25  0.01935 0.02298
139.35  0.01935 0.01915
139.45  0.00774 0.02298
139.55  0.00774 0.02298
139.65  0.00387 0.03064
139.75  0.02322 0.01149
139.85  0.00774 0.00766
139.95  0.00774 0.01915
140.05  0.01548 0.00766
140.15  0.01161 0.000
140.25  0.00774 0.00766
140.35  0.01548 0.01149
140.45  0.01161 0.00766
140.55  0.000 0.01149
140.65  0.00774 0.00383
140.75  0.00774 0.000
140.85  0.00774 0.00766
140.95  0.00387 0.00383
141.05  0.00387 0.00766
141.15  0.00774 0.00383
141.25  0.00774 0.000
141.35  0.00774 0.00766
141.45  0.000 0.00383
141.55  0.00774 0.00383
141.65  0.00387 0.01532
141.75  0.00387 0.00383
141.85  0.00387 0.01149
141.95  0.000 0.00383
142.05  0.00387 0.000
142.15  0.000 0.00383
142.25  0.000 0.000
142.35  0.000 0.00383
142.45  0.00387 0.000
142.55  0.00387 0.000
142.65  0.00387 0.00383
142.75  0.00387 0.00383
142.85  0.00774 0.00383
142.95  0.000 0.00383
143.05  0.00387 0.000
143.15  0.000 0.00383
143.25  0.000 0.00383
143.35  0.00387 0.000
143.45  0.000 0.000
143.55  0.000 0.000
143.65  0.000 0.000
143.75  0.000 0.000
143.85  0.000 0.00383
143.95  0.00774 0.000
144.05  0.000 0.00383
144.15  0.000 0.000
144.25  0.00387 0.00383
144.35  0.000 0.000
144.45  0.000 0.00383
144.55  0.000 0.000
144.65  0.000 0.000
144.75  0.000 0.00383
144.85  0.00387 0.000
144.95  0.000 0.000
145.05  0.000 0.000
145.15  0.000 0.00383
145.25  0.000 0.000
145.35  0.000 0.000
145.45  0.000 0.000
145.55  0.000 0.000
145.65  0.000 0.000
145.75  0.000 0.000
145.85  0.000 0.00766
145.95  0.000 0.00383
146.05  0.000 0.00766
146.15  0.000 0.000
146.25  0.000 0.000
146.35  0.000 0.000
146.45  0.000 0.000
146.55  0.000 0.000
146.65  0.000 0.00383
146.75  0.000 0.00383
146.85  0.000 0.000
146.95  0.01161 0.000
147.05  0.00387 0.00383
147.15  0.000 0.00383
147.25  0.00387 0.00383
147.35  0.000 0.000
147.45  0.00387 0.00383
147.55  0.000 0.00383
147.65  0.000 0.00766
147.75  0.00387 0.00766
147.85  0.000 0.00383
147.95  0.00387 0.00766
148.05  0.00387 0.00383
148.15  0.000 0.000
148.25  0.01161 0.01149
148.35  0.00774 0.00383
148.45  0.01161 0.02298
148.55  0.00774 0.01532
148.65  0.00387 0.00383
148.75  0.00387 0.01532
148.85  0.01548 0.01149
148.95  0.000 0.00766
149.05  0.00774 0.02298
149.15  0.02709 0.01149
149.25  0.01161 0.01149
149.35  0.02322 0.03064
149.45  0.02709 0.01915
149.55  0.03096 0.04595
149.65  0.01161 0.01149
149.75  0.01935 0.03064
149.85  0.04644 0.02298
149.95  0.03096 0.02298
150.05  0.02322 0.02298
150.15  0.03483 0.02681
150.25  0.03096 0.01915
150.35  0.02709 0.03064
150.45  0.02322 0.0383
150.55  0.00387 0.02298
150.65  0.00774 0.01149
150.75  0.01548 0.01532
150.85  0.02322 0.04212
150.95  0.01161 0.02681
151.05  0.01161 0.02298
151.15  0.02322 0.02681
151.25  0.00387 0.01915
151.35  0.01548 0.00766
151.45  0.01548 0.01915
151.55  0.00774 0.00766
151.65  0.01548 0.02681
151.75  0.01161 0.03447
151.85  0.02709 0.01532
151.95  0.00774 0.01915
152.05  0.02322 0.00766
152.15  0.01161 0.01149
152.25  0.01161 0.03064
152.35  0.00774 0.00766
152.45  0.00387 0.01149
152.55  0.00774 0.01532
152.65  0.000 0.00766
152.75  0.01161 0.00383
152.85  0.00387 0.01149
152.95  0.00387 0.000
153.05  0.000 0.00383
153.15  0.00774 0.00383
153.25  0.01161 0.01532
153.35  0.01548 0.000
153.45  0.000 0.01149
153.55  0.00387 0.000
153.65  0.00387 0.00766
153.75  0.000 0.00383
153.85  0.00387 0.00766
153.95  0.01161 0.00766
154.05  0.00774 0.01149
154.15  0.00774 0.00383
154.25  0.000 0.00766
154.35  0.01161 0.000
154.45  0.00387 0.00383
154.55  0.00387 0.000
154.65  0.000 0.000
154.75  0.00387 0.000
154.85  0.00387 0.00383
154.95  0.000 0.00383
155.05  0.000 0.00766
155.15  0.000 0.000
155.25  0.00774 0.00766
155.35  0.000 0.000
155.45  0.000 0.000
155.55  0.00387 0.00383
155.65  0.000 0.00383
155.75  0.000 0.000
155.85  0.000 0.00383
155.95  0.000 0.000
156.05  0.00387 0.000
156.15  0.000 0.000
156.25  0.000 0.000
156.35  0.000 0.00383
156.45  0.00387 0.000
156.55  0.00387 0.000
156.65  0.000 0.00766
156.75  0.000 0.000
156.85  0.000 0.000
156.95  0.00387 0.000
157.05  0.000 0.000
157.15  0.000 0.000
157.25  0.000 0.00383
157.35  0.000 0.000
157.45  0.000 0.000
157.55  0.000 0.000
157.65  0.000 0.000
157.75  0.000 0.000
157.85  0.00387 0.000
157.95  0.000 0.000
158.05  0.000 0.000
158.15  0.000 0.000
158.25  0.000 0.000
158.35  0.00387 0.000
158.45  0.000 0.000
158.55  0.00387 0.000
158.65  0.000 0.000
158.75  0.000 0.000
158.85  0.000 0.000
158.95  0.000 0.000
159.05  0.000 0.000
159.15  0.000 0.00383
159.25  0.00387 0.000
159.35  0.000 0.000
159.45  0.000 0.00383
159.55  0.00774 0.00383
159.65  0.000 0.000
159.75  0.000 0.00383
159.85  0.000 0.000
159.95  0.000 0.00383
160.05  0.00387 0.000
160.15  0.000 0.00766
160.25  0.000 0.00383
160.35  0.000 0.00766
160.45  0.00387 0.00383
160.55  0.00774 0.00383
160.65  0.01548 0.000
160.75  0.00387 0.01149
160.85  0.00774 0.00383
160.95  0.01161 0.01149
161.05  0.02322 0.01149
161.15  0.01935 0.00383
161.25  0.00387 0.01149
161.35  0.01161 0.00766
161.45  0.02322 0.00383
161.55  0.01161 0.01149
161.65  0.00774 0.00766
161.75  0.02322 0.01149
161.85  0.03483 0.01532
161.95  0.04257 0.01532
162.05  0.04644 0.02681
162.15  0.01548 0.01149
162.25  0.02709 0.02298
162.35  0.03483 0.02681
162.45  0.03096 0.01532
162.55  0.04644 0.02298