0.01000 nan 0.00000 nan
0.29551 0.78719 0.14716 0.01361
0.58102 0.80140 0.31523 0.00904
0.86653 0.80608 0.45276 0.00697
1.15204 0.79776 0.54937 0.00653
1.43755 0.78027 0.62794 0.00602
1.72306 0.76031 0.68527 0.00542
2.00857 0.73414 0.73799 0.00468
2.29408 0.71062 0.77839 0.00426
2.57959 0.68394 0.81722 0.00384
2.86510 0.66268 0.84643 0.00407
3.15061 0.64452 0.87089 0.00433
3.43612 0.62858 0.89477 0.00402
3.72163 0.61744 0.91349 0.00383
4.00714 0.60861 0.93102 0.00361
4.29265 0.60395 0.94458 0.00349
4.57816 0.60093 0.95712 0.00345
4.86367 0.60011 0.96853 0.00332
5.14918 0.60083 0.97702 0.00326
5.43469 0.60236 0.98580 0.00334
5.72020 0.60406 0.99224 0.00349
6.00571 0.60601 0.99848 0.00347
6.29122 0.60651 1.00000 0.00351
6.57673 0.60651 1.00000 0.00351
6.86224 0.60651 1.00000 0.00351
7.14776 0.60651 1.00000 0.00351
7.43327 0.60651 1.00000 0.00351
7.71878 0.60651 1.00000 0.00351
8.00429 0.60651 1.00000 0.00351
8.28980 0.60651 1.00000 0.00351
8.57531 0.60651 1.00000 0.00351
8.86082 0.60651 1.00000 0.00351
9.14633 0.60651 1.00000 0.00351
9.43184 0.60651 1.00000 0.00351
9.71735 0.60651 1.00000 0.00351
10.00286 0.60651 1.00000 0.00351
10.28837 0.60651 1.00000 0.00351
10.57388 0.60651 1.00000 0.00351
10.85939 0.60651 1.00000 0.00351
11.14490 0.60651 1.00000 0.00351
11.43041 0.60651 1.00000 0.00351
11.71592 0.60651 1.00000 0.00351
12.00143 0.60651 1.00000 0.00351
12.28694 0.60651 1.00000 0.00351
12.57245 0.60651 1.00000 0.00351
12.85796 0.60651 1.00000 0.00351
13.14347 0.60651 1.00000 0.00351
13.42898 0.60651 1.00000 0.00351
13.71449 0.60651 1.00000 0.00351
14.00000 0.60651 1.00000 0.00351
